6
2
0
3
1
3 5 14 4 23 9 
3 5 14 4 23 10 
3 5 14 4 23 11 
3 5 14 4 23 12 
3 5 14 4 23 13 
3 5 14 4 24 9 
3 5 14 4 24 10 
3 5 14 4 24 11 
3 5 14 4 24 12 
3 5 14 4 24 13 
3 5 14 6 23 9 
3 5 14 6 23 10 
3 5 14 6 23 11 
3 5 14 6 23 12 
3 5 14 6 23 13 
3 5 14 6 24 9 
3 5 14 6 24 10 
3 5 14 6 24 11 
3 5 14 6 24 12 
3 5 14 6 24 13 
3 5 14 9 23 10 
3 5 14 9 23 11 
3 5 14 9 23 12 
3 5 14 9 23 13 
3 5 14 9 24 10 
3 5 14 9 24 11 
3 5 14 9 24 12 
3 5 14 9 24 13 
3 5 14 10 23 9 
3 5 14 10 23 11 
3 5 14 10 23 12 
3 5 14 10 23 13 
3 5 14 10 24 9 
3 5 14 10 24 11 
3 5 14 10 24 12 
3 5 14 10 24 13 
3 5 14 16 23 9 
3 5 14 16 23 10 
3 5 14 16 23 11 
3 5 14 16 23 12 
3 5 14 16 23 13 
3 5 14 16 24 9 
3 5 14 16 24 10 
3 5 14 16 24 11 
3 5 14 16 24 12 
3 5 14 16 24 13 
3 5 14 18 23 9 
3 5 14 18 23 10 
3 5 14 18 23 11 
3 5 14 18 23 12 
3 5 14 18 23 13 
3 5 14 18 24 9 
3 5 14 18 24 10 
3 5 14 18 24 11 
3 5 14 18 24 12 
3 5 14 18 24 13 
3 5 15 4 23 14 
3 5 15 4 23 16 
3 5 15 4 23 17 
3 5 15 4 23 18 
3 5 15 4 23 19 
3 5 15 4 24 14 
3 5 15 4 24 16 
3 5 15 4 24 17 
3 5 15 4 24 18 
3 5 15 4 24 19 
3 5 15 6 23 14 
3 5 15 6 23 16 
3 5 15 6 23 17 
3 5 15 6 23 18 
3 5 15 6 23 19 
3 5 15 6 24 14 
3 5 15 6 24 16 
3 5 15 6 24 17 
3 5 15 6 24 18 
3 5 15 6 24 19 
3 5 15 9 23 14 
3 5 15 9 23 16 
3 5 15 9 23 17 
3 5 15 9 23 18 
3 5 15 9 23 19 
3 5 15 9 24 14 
3 5 15 9 24 16 
3 5 15 9 24 17 
3 5 15 9 24 18 
3 5 15 9 24 19 
3 5 15 10 23 14 
3 5 15 10 23 16 
3 5 15 10 23 17 
3 5 15 10 23 18 
3 5 15 10 23 19 
3 5 15 10 24 14 
3 5 15 10 24 16 
3 5 15 10 24 17 
3 5 15 10 24 18 
3 5 15 10 24 19 
3 5 15 16 23 14 
3 5 15 16 23 17 
3 5 15 16 23 18 
3 5 15 16 23 19 
3 5 15 16 24 14 
3 5 15 16 24 17 
3 5 15 16 24 18 
3 5 15 16 24 19 
3 5 15 18 23 14 
3 5 15 18 23 16 
3 5 15 18 23 17 
3 5 15 18 23 19 
3 5 15 18 24 14 
3 5 15 18 24 16 
3 5 15 18 24 17 
3 5 15 18 24 19 
3 5 16 4 28 6 
3 5 16 4 28 7 
3 5 16 4 28 8 
3 5 16 4 32 6 
3 5 16 4 32 7 
3 5 16 4 32 8 
3 5 16 4 33 6 
3 5 16 4 33 7 
3 5 16 4 33 8 
3 5 16 4 34 6 
3 5 16 4 34 7 
3 5 16 4 34 8 
3 5 16 6 28 4 
3 5 16 6 28 7 
3 5 16 6 28 8 
3 5 16 6 32 4 
3 5 16 6 32 7 
3 5 16 6 32 8 
3 5 16 6 33 4 
3 5 16 6 33 7 
3 5 16 6 33 8 
3 5 16 6 34 4 
3 5 16 6 34 7 
3 5 16 6 34 8 
3 5 16 9 28 4 
3 5 16 9 28 6 
3 5 16 9 28 7 
3 5 16 9 28 8 
3 5 16 9 32 4 
3 5 16 9 32 6 
3 5 16 9 32 7 
3 5 16 9 32 8 
3 5 16 9 33 4 
3 5 16 9 33 6 
3 5 16 9 33 7 
3 5 16 9 33 8 
3 5 16 9 34 4 
3 5 16 9 34 6 
3 5 16 9 34 7 
3 5 16 9 34 8 
3 5 16 10 28 4 
3 5 16 10 28 6 
3 5 16 10 28 7 
3 5 16 10 28 8 
3 5 16 10 32 4 
3 5 16 10 32 6 
3 5 16 10 32 7 
3 5 16 10 32 8 
3 5 16 10 33 4 
3 5 16 10 33 6 
3 5 16 10 33 7 
3 5 16 10 33 8 
3 5 16 10 34 4 
3 5 16 10 34 6 
3 5 16 10 34 7 
3 5 16 10 34 8 
3 5 16 18 28 4 
3 5 16 18 28 6 
3 5 16 18 28 7 
3 5 16 18 28 8 
3 5 16 18 32 4 
3 5 16 18 32 6 
3 5 16 18 32 7 
3 5 16 18 32 8 
3 5 16 18 33 4 
3 5 16 18 33 6 
3 5 16 18 33 7 
3 5 16 18 33 8 
3 5 16 18 34 4 
3 5 16 18 34 6 
3 5 16 18 34 7 
3 5 16 18 34 8 
3 5 17 4 23 9 
3 5 17 4 23 10 
3 5 17 4 23 11 
3 5 17 4 23 12 
3 5 17 4 23 13 
3 5 17 4 33 9 
3 5 17 4 33 10 
3 5 17 4 33 11 
3 5 17 4 33 12 
3 5 17 4 33 13 
3 5 17 6 23 9 
3 5 17 6 23 10 
3 5 17 6 23 11 
3 5 17 6 23 12 
3 5 17 6 23 13 
3 5 17 6 33 9 
3 5 17 6 33 10 
3 5 17 6 33 11 
3 5 17 6 33 12 
3 5 17 6 33 13 
3 5 17 9 23 10 
3 5 17 9 23 11 
3 5 17 9 23 12 
3 5 17 9 23 13 
3 5 17 9 33 10 
3 5 17 9 33 11 
3 5 17 9 33 12 
3 5 17 9 33 13 
3 5 17 10 23 9 
3 5 17 10 23 11 
3 5 17 10 23 12 
3 5 17 10 23 13 
3 5 17 10 33 9 
3 5 17 10 33 11 
3 5 17 10 33 12 
3 5 17 10 33 13 
3 5 17 16 23 9 
3 5 17 16 23 10 
3 5 17 16 23 11 
3 5 17 16 23 12 
3 5 17 16 23 13 
3 5 17 16 33 9 
3 5 17 16 33 10 
3 5 17 16 33 11 
3 5 17 16 33 12 
3 5 17 16 33 13 
3 5 17 18 23 9 
3 5 17 18 23 10 
3 5 17 18 23 11 
3 5 17 18 23 12 
3 5 17 18 23 13 
3 5 17 18 33 9 
3 5 17 18 33 10 
3 5 17 18 33 11 
3 5 17 18 33 12 
3 5 17 18 33 13 
3 5 18 4 25 6 
3 5 18 4 25 7 
3 5 18 4 25 8 
3 5 18 4 30 6 
3 5 18 4 30 7 
3 5 18 4 30 8 
3 5 18 6 25 4 
3 5 18 6 25 7 
3 5 18 6 25 8 
3 5 18 6 30 4 
3 5 18 6 30 7 
3 5 18 6 30 8 
3 5 18 9 25 4 
3 5 18 9 25 6 
3 5 18 9 25 7 
3 5 18 9 25 8 
3 5 18 9 30 4 
3 5 18 9 30 6 
3 5 18 9 30 7 
3 5 18 9 30 8 
3 5 18 10 25 4 
3 5 18 10 25 6 
3 5 18 10 25 7 
3 5 18 10 25 8 
3 5 18 10 30 4 
3 5 18 10 30 6 
3 5 18 10 30 7 
3 5 18 10 30 8 
3 5 18 16 25 4 
3 5 18 16 25 6 
3 5 18 16 25 7 
3 5 18 16 25 8 
3 5 18 16 30 4 
3 5 18 16 30 6 
3 5 18 16 30 7 
3 5 18 16 30 8 
3 5 19 4 35 9 
3 5 19 4 35 10 
3 5 19 4 35 11 
3 5 19 4 35 12 
3 5 19 4 35 13 
3 5 19 6 35 9 
3 5 19 6 35 10 
3 5 19 6 35 11 
3 5 19 6 35 12 
3 5 19 6 35 13 
3 5 19 9 35 10 
3 5 19 9 35 11 
3 5 19 9 35 12 
3 5 19 9 35 13 
3 5 19 10 35 9 
3 5 19 10 35 11 
3 5 19 10 35 12 
3 5 19 10 35 13 
3 5 19 16 35 9 
3 5 19 16 35 10 
3 5 19 16 35 11 
3 5 19 16 35 12 
3 5 19 16 35 13 
3 5 19 18 35 9 
3 5 19 18 35 10 
3 5 19 18 35 11 
3 5 19 18 35 12 
3 5 19 18 35 13 
3 7 14 4 28 9 
3 7 14 4 28 10 
3 7 14 4 28 11 
3 7 14 4 28 12 
3 7 14 4 28 13 
3 7 14 4 29 9 
3 7 14 4 29 10 
3 7 14 4 29 11 
3 7 14 4 29 12 
3 7 14 4 29 13 
3 7 14 4 30 9 
3 7 14 4 30 10 
3 7 14 4 30 11 
3 7 14 4 30 12 
3 7 14 4 30 13 
3 7 14 4 31 9 
3 7 14 4 31 10 
3 7 14 4 31 11 
3 7 14 4 31 12 
3 7 14 4 31 13 
3 7 14 6 28 9 
3 7 14 6 28 10 
3 7 14 6 28 11 
3 7 14 6 28 12 
3 7 14 6 28 13 
3 7 14 6 29 9 
3 7 14 6 29 10 
3 7 14 6 29 11 
3 7 14 6 29 12 
3 7 14 6 29 13 
3 7 14 6 30 9 
3 7 14 6 30 10 
3 7 14 6 30 11 
3 7 14 6 30 12 
3 7 14 6 30 13 
3 7 14 6 31 9 
3 7 14 6 31 10 
3 7 14 6 31 11 
3 7 14 6 31 12 
3 7 14 6 31 13 
3 7 14 9 28 10 
3 7 14 9 28 11 
3 7 14 9 28 12 
3 7 14 9 28 13 
3 7 14 9 29 10 
3 7 14 9 29 11 
3 7 14 9 29 12 
3 7 14 9 29 13 
3 7 14 9 30 10 
3 7 14 9 30 11 
3 7 14 9 30 12 
3 7 14 9 30 13 
3 7 14 9 31 10 
3 7 14 9 31 11 
3 7 14 9 31 12 
3 7 14 9 31 13 
3 7 14 10 28 9 
3 7 14 10 28 11 
3 7 14 10 28 12 
3 7 14 10 28 13 
3 7 14 10 29 9 
3 7 14 10 29 11 
3 7 14 10 29 12 
3 7 14 10 29 13 
3 7 14 10 30 9 
3 7 14 10 30 11 
3 7 14 10 30 12 
3 7 14 10 30 13 
3 7 14 10 31 9 
3 7 14 10 31 11 
3 7 14 10 31 12 
3 7 14 10 31 13 
3 7 14 16 28 9 
3 7 14 16 28 10 
3 7 14 16 28 11 
3 7 14 16 28 12 
3 7 14 16 28 13 
3 7 14 16 29 9 
3 7 14 16 29 10 
3 7 14 16 29 11 
3 7 14 16 29 12 
3 7 14 16 29 13 
3 7 14 16 30 9 
3 7 14 16 30 10 
3 7 14 16 30 11 
3 7 14 16 30 12 
3 7 14 16 30 13 
3 7 14 16 31 9 
3 7 14 16 31 10 
3 7 14 16 31 11 
3 7 14 16 31 12 
3 7 14 16 31 13 
3 7 14 18 28 9 
3 7 14 18 28 10 
3 7 14 18 28 11 
3 7 14 18 28 12 
3 7 14 18 28 13 
3 7 14 18 29 9 
3 7 14 18 29 10 
3 7 14 18 29 11 
3 7 14 18 29 12 
3 7 14 18 29 13 
3 7 14 18 30 9 
3 7 14 18 30 10 
3 7 14 18 30 11 
3 7 14 18 30 12 
3 7 14 18 30 13 
3 7 14 18 31 9 
3 7 14 18 31 10 
3 7 14 18 31 11 
3 7 14 18 31 12 
3 7 14 18 31 13 
3 7 15 4 28 14 
3 7 15 4 28 16 
3 7 15 4 28 17 
3 7 15 4 28 18 
3 7 15 4 28 19 
3 7 15 4 29 14 
3 7 15 4 29 16 
3 7 15 4 29 17 
3 7 15 4 29 18 
3 7 15 4 29 19 
3 7 15 4 30 14 
3 7 15 4 30 16 
3 7 15 4 30 17 
3 7 15 4 30 18 
3 7 15 4 30 19 
3 7 15 4 31 14 
3 7 15 4 31 16 
3 7 15 4 31 17 
3 7 15 4 31 18 
3 7 15 4 31 19 
3 7 15 6 28 14 
3 7 15 6 28 16 
3 7 15 6 28 17 
3 7 15 6 28 18 
3 7 15 6 28 19 
3 7 15 6 29 14 
3 7 15 6 29 16 
3 7 15 6 29 17 
3 7 15 6 29 18 
3 7 15 6 29 19 
3 7 15 6 30 14 
3 7 15 6 30 16 
3 7 15 6 30 17 
3 7 15 6 30 18 
3 7 15 6 30 19 
3 7 15 6 31 14 
3 7 15 6 31 16 
3 7 15 6 31 17 
3 7 15 6 31 18 
3 7 15 6 31 19 
3 7 15 9 28 14 
3 7 15 9 28 16 
3 7 15 9 28 17 
3 7 15 9 28 18 
3 7 15 9 28 19 
3 7 15 9 29 14 
3 7 15 9 29 16 
3 7 15 9 29 17 
3 7 15 9 29 18 
3 7 15 9 29 19 
3 7 15 9 30 14 
3 7 15 9 30 16 
3 7 15 9 30 17 
3 7 15 9 30 18 
3 7 15 9 30 19 
3 7 15 9 31 14 
3 7 15 9 31 16 
3 7 15 9 31 17 
3 7 15 9 31 18 
3 7 15 9 31 19 
3 7 15 10 28 14 
3 7 15 10 28 16 
3 7 15 10 28 17 
3 7 15 10 28 18 
3 7 15 10 28 19 
3 7 15 10 29 14 
3 7 15 10 29 16 
3 7 15 10 29 17 
3 7 15 10 29 18 
3 7 15 10 29 19 
3 7 15 10 30 14 
3 7 15 10 30 16 
3 7 15 10 30 17 
3 7 15 10 30 18 
3 7 15 10 30 19 
3 7 15 10 31 14 
3 7 15 10 31 16 
3 7 15 10 31 17 
3 7 15 10 31 18 
3 7 15 10 31 19 
3 7 15 16 28 14 
3 7 15 16 28 17 
3 7 15 16 28 18 
3 7 15 16 28 19 
3 7 15 16 29 14 
3 7 15 16 29 17 
3 7 15 16 29 18 
3 7 15 16 29 19 
3 7 15 16 30 14 
3 7 15 16 30 17 
3 7 15 16 30 18 
3 7 15 16 30 19 
3 7 15 16 31 14 
3 7 15 16 31 17 
3 7 15 16 31 18 
3 7 15 16 31 19 
3 7 15 18 28 14 
3 7 15 18 28 16 
3 7 15 18 28 17 
3 7 15 18 28 19 
3 7 15 18 29 14 
3 7 15 18 29 16 
3 7 15 18 29 17 
3 7 15 18 29 19 
3 7 15 18 30 14 
3 7 15 18 30 16 
3 7 15 18 30 17 
3 7 15 18 30 19 
3 7 15 18 31 14 
3 7 15 18 31 16 
3 7 15 18 31 17 
3 7 15 18 31 19 
3 7 16 4 22 5 
3 7 16 4 22 6 
3 7 16 4 22 8 
3 7 16 4 35 5 
3 7 16 4 35 6 
3 7 16 4 35 8 
3 7 16 6 22 4 
3 7 16 6 22 5 
3 7 16 6 22 8 
3 7 16 6 35 4 
3 7 16 6 35 5 
3 7 16 6 35 8 
3 7 16 9 22 4 
3 7 16 9 22 5 
3 7 16 9 22 6 
3 7 16 9 22 8 
3 7 16 9 35 4 
3 7 16 9 35 5 
3 7 16 9 35 6 
3 7 16 9 35 8 
3 7 16 10 22 4 
3 7 16 10 22 5 
3 7 16 10 22 6 
3 7 16 10 22 8 
3 7 16 10 35 4 
3 7 16 10 35 5 
3 7 16 10 35 6 
3 7 16 10 35 8 
3 7 16 18 22 4 
3 7 16 18 22 5 
3 7 16 18 22 6 
3 7 16 18 22 8 
3 7 16 18 35 4 
3 7 16 18 35 5 
3 7 16 18 35 6 
3 7 16 18 35 8 
3 7 17 4 33 9 
3 7 17 4 33 10 
3 7 17 4 33 11 
3 7 17 4 33 12 
3 7 17 4 33 13 
3 7 17 4 35 9 
3 7 17 4 35 10 
3 7 17 4 35 11 
3 7 17 4 35 12 
3 7 17 4 35 13 
3 7 17 6 33 9 
3 7 17 6 33 10 
3 7 17 6 33 11 
3 7 17 6 33 12 
3 7 17 6 33 13 
3 7 17 6 35 9 
3 7 17 6 35 10 
3 7 17 6 35 11 
3 7 17 6 35 12 
3 7 17 6 35 13 
3 7 17 9 33 10 
3 7 17 9 33 11 
3 7 17 9 33 12 
3 7 17 9 33 13 
3 7 17 9 35 10 
3 7 17 9 35 11 
3 7 17 9 35 12 
3 7 17 9 35 13 
3 7 17 10 33 9 
3 7 17 10 33 11 
3 7 17 10 33 12 
3 7 17 10 33 13 
3 7 17 10 35 9 
3 7 17 10 35 11 
3 7 17 10 35 12 
3 7 17 10 35 13 
3 7 17 16 33 9 
3 7 17 16 33 10 
3 7 17 16 33 11 
3 7 17 16 33 12 
3 7 17 16 33 13 
3 7 17 16 35 9 
3 7 17 16 35 10 
3 7 17 16 35 11 
3 7 17 16 35 12 
3 7 17 16 35 13 
3 7 17 18 33 9 
3 7 17 18 33 10 
3 7 17 18 33 11 
3 7 17 18 33 12 
3 7 17 18 33 13 
3 7 17 18 35 9 
3 7 17 18 35 10 
3 7 17 18 35 11 
3 7 17 18 35 12 
3 7 17 18 35 13 
3 7 18 4 24 5 
3 7 18 4 24 6 
3 7 18 4 24 8 
3 7 18 4 31 5 
3 7 18 4 31 6 
3 7 18 4 31 8 
3 7 18 4 34 5 
3 7 18 4 34 6 
3 7 18 4 34 8 
3 7 18 6 24 4 
3 7 18 6 24 5 
3 7 18 6 24 8 
3 7 18 6 31 4 
3 7 18 6 31 5 
3 7 18 6 31 8 
3 7 18 6 34 4 
3 7 18 6 34 5 
3 7 18 6 34 8 
3 7 18 9 24 4 
3 7 18 9 24 5 
3 7 18 9 24 6 
3 7 18 9 24 8 
3 7 18 9 31 4 
3 7 18 9 31 5 
3 7 18 9 31 6 
3 7 18 9 31 8 
3 7 18 9 34 4 
3 7 18 9 34 5 
3 7 18 9 34 6 
3 7 18 9 34 8 
3 7 18 10 24 4 
3 7 18 10 24 5 
3 7 18 10 24 6 
3 7 18 10 24 8 
3 7 18 10 31 4 
3 7 18 10 31 5 
3 7 18 10 31 6 
3 7 18 10 31 8 
3 7 18 10 34 4 
3 7 18 10 34 5 
3 7 18 10 34 6 
3 7 18 10 34 8 
3 7 18 16 24 4 
3 7 18 16 24 5 
3 7 18 16 24 6 
3 7 18 16 24 8 
3 7 18 16 31 4 
3 7 18 16 31 5 
3 7 18 16 31 6 
3 7 18 16 31 8 
3 7 18 16 34 4 
3 7 18 16 34 5 
3 7 18 16 34 6 
3 7 18 16 34 8 
3 7 19 4 22 9 
3 7 19 4 22 10 
3 7 19 4 22 11 
3 7 19 4 22 12 
3 7 19 4 22 13 
3 7 19 6 22 9 
3 7 19 6 22 10 
3 7 19 6 22 11 
3 7 19 6 22 12 
3 7 19 6 22 13 
3 7 19 9 22 10 
3 7 19 9 22 11 
3 7 19 9 22 12 
3 7 19 9 22 13 
3 7 19 10 22 9 
3 7 19 10 22 11 
3 7 19 10 22 12 
3 7 19 10 22 13 
3 7 19 16 22 9 
3 7 19 16 22 10 
3 7 19 16 22 11 
3 7 19 16 22 12 
3 7 19 16 22 13 
3 7 19 18 22 9 
3 7 19 18 22 10 
3 7 19 18 22 11 
3 7 19 18 22 12 
3 7 19 18 22 13 
3 11 14 5 23 9 
3 11 14 5 23 10 
3 11 14 5 23 12 
3 11 14 5 23 13 
3 11 14 5 24 9 
3 11 14 5 24 10 
3 11 14 5 24 12 
3 11 14 5 24 13 
3 11 14 7 23 9 
3 11 14 7 23 10 
3 11 14 7 23 12 
3 11 14 7 23 13 
3 11 14 7 24 9 
3 11 14 7 24 10 
3 11 14 7 24 12 
3 11 14 7 24 13 
3 11 14 17 23 9 
3 11 14 17 23 10 
3 11 14 17 23 12 
3 11 14 17 23 13 
3 11 14 17 24 9 
3 11 14 17 24 10 
3 11 14 17 24 12 
3 11 14 17 24 13 
3 11 14 19 23 9 
3 11 14 19 23 10 
3 11 14 19 23 12 
3 11 14 19 23 13 
3 11 14 19 24 9 
3 11 14 19 24 10 
3 11 14 19 24 12 
3 11 14 19 24 13 
3 11 15 5 23 14 
3 11 15 5 23 16 
3 11 15 5 23 17 
3 11 15 5 23 18 
3 11 15 5 23 19 
3 11 15 5 24 14 
3 11 15 5 24 16 
3 11 15 5 24 17 
3 11 15 5 24 18 
3 11 15 5 24 19 
3 11 15 7 23 14 
3 11 15 7 23 16 
3 11 15 7 23 17 
3 11 15 7 23 18 
3 11 15 7 23 19 
3 11 15 7 24 14 
3 11 15 7 24 16 
3 11 15 7 24 17 
3 11 15 7 24 18 
3 11 15 7 24 19 
3 11 15 14 23 16 
3 11 15 14 23 17 
3 11 15 14 23 18 
3 11 15 14 23 19 
3 11 15 14 24 16 
3 11 15 14 24 17 
3 11 15 14 24 18 
3 11 15 14 24 19 
3 11 15 17 23 14 
3 11 15 17 23 16 
3 11 15 17 23 18 
3 11 15 17 23 19 
3 11 15 17 24 14 
3 11 15 17 24 16 
3 11 15 17 24 18 
3 11 15 17 24 19 
3 11 15 19 23 14 
3 11 15 19 23 16 
3 11 15 19 23 17 
3 11 15 19 23 18 
3 11 15 19 24 14 
3 11 15 19 24 16 
3 11 15 19 24 17 
3 11 15 19 24 18 
3 11 16 5 28 4 
3 11 16 5 28 6 
3 11 16 5 28 7 
3 11 16 5 28 8 
3 11 16 5 32 4 
3 11 16 5 32 6 
3 11 16 5 32 7 
3 11 16 5 32 8 
3 11 16 5 33 4 
3 11 16 5 33 6 
3 11 16 5 33 7 
3 11 16 5 33 8 
3 11 16 5 34 4 
3 11 16 5 34 6 
3 11 16 5 34 7 
3 11 16 5 34 8 
3 11 16 7 28 4 
3 11 16 7 28 5 
3 11 16 7 28 6 
3 11 16 7 28 8 
3 11 16 7 32 4 
3 11 16 7 32 5 
3 11 16 7 32 6 
3 11 16 7 32 8 
3 11 16 7 33 4 
3 11 16 7 33 5 
3 11 16 7 33 6 
3 11 16 7 33 8 
3 11 16 7 34 4 
3 11 16 7 34 5 
3 11 16 7 34 6 
3 11 16 7 34 8 
3 11 16 14 28 4 
3 11 16 14 28 5 
3 11 16 14 28 6 
3 11 16 14 28 7 
3 11 16 14 28 8 
3 11 16 14 32 4 
3 11 16 14 32 5 
3 11 16 14 32 6 
3 11 16 14 32 7 
3 11 16 14 32 8 
3 11 16 14 33 4 
3 11 16 14 33 5 
3 11 16 14 33 6 
3 11 16 14 33 7 
3 11 16 14 33 8 
3 11 16 14 34 4 
3 11 16 14 34 5 
3 11 16 14 34 6 
3 11 16 14 34 7 
3 11 16 14 34 8 
3 11 16 17 28 4 
3 11 16 17 28 5 
3 11 16 17 28 6 
3 11 16 17 28 7 
3 11 16 17 28 8 
3 11 16 17 32 4 
3 11 16 17 32 5 
3 11 16 17 32 6 
3 11 16 17 32 7 
3 11 16 17 32 8 
3 11 16 17 33 4 
3 11 16 17 33 5 
3 11 16 17 33 6 
3 11 16 17 33 7 
3 11 16 17 33 8 
3 11 16 17 34 4 
3 11 16 17 34 5 
3 11 16 17 34 6 
3 11 16 17 34 7 
3 11 16 17 34 8 
3 11 16 19 28 4 
3 11 16 19 28 5 
3 11 16 19 28 6 
3 11 16 19 28 7 
3 11 16 19 28 8 
3 11 16 19 32 4 
3 11 16 19 32 5 
3 11 16 19 32 6 
3 11 16 19 32 7 
3 11 16 19 32 8 
3 11 16 19 33 4 
3 11 16 19 33 5 
3 11 16 19 33 6 
3 11 16 19 33 7 
3 11 16 19 33 8 
3 11 16 19 34 4 
3 11 16 19 34 5 
3 11 16 19 34 6 
3 11 16 19 34 7 
3 11 16 19 34 8 
3 11 17 5 23 9 
3 11 17 5 23 10 
3 11 17 5 23 12 
3 11 17 5 23 13 
3 11 17 5 33 9 
3 11 17 5 33 10 
3 11 17 5 33 12 
3 11 17 5 33 13 
3 11 17 7 23 9 
3 11 17 7 23 10 
3 11 17 7 23 12 
3 11 17 7 23 13 
3 11 17 7 33 9 
3 11 17 7 33 10 
3 11 17 7 33 12 
3 11 17 7 33 13 
3 11 17 14 23 9 
3 11 17 14 23 10 
3 11 17 14 23 12 
3 11 17 14 23 13 
3 11 17 14 33 9 
3 11 17 14 33 10 
3 11 17 14 33 12 
3 11 17 14 33 13 
3 11 17 19 23 9 
3 11 17 19 23 10 
3 11 17 19 23 12 
3 11 17 19 23 13 
3 11 17 19 33 9 
3 11 17 19 33 10 
3 11 17 19 33 12 
3 11 17 19 33 13 
3 11 18 5 25 4 
3 11 18 5 25 6 
3 11 18 5 25 7 
3 11 18 5 25 8 
3 11 18 5 30 4 
3 11 18 5 30 6 
3 11 18 5 30 7 
3 11 18 5 30 8 
3 11 18 7 25 4 
3 11 18 7 25 5 
3 11 18 7 25 6 
3 11 18 7 25 8 
3 11 18 7 30 4 
3 11 18 7 30 5 
3 11 18 7 30 6 
3 11 18 7 30 8 
3 11 18 14 25 4 
3 11 18 14 25 5 
3 11 18 14 25 6 
3 11 18 14 25 7 
3 11 18 14 25 8 
3 11 18 14 30 4 
3 11 18 14 30 5 
3 11 18 14 30 6 
3 11 18 14 30 7 
3 11 18 14 30 8 
3 11 18 17 25 4 
3 11 18 17 25 5 
3 11 18 17 25 6 
3 11 18 17 25 7 
3 11 18 17 25 8 
3 11 18 17 30 4 
3 11 18 17 30 5 
3 11 18 17 30 6 
3 11 18 17 30 7 
3 11 18 17 30 8 
3 11 18 19 25 4 
3 11 18 19 25 5 
3 11 18 19 25 6 
3 11 18 19 25 7 
3 11 18 19 25 8 
3 11 18 19 30 4 
3 11 18 19 30 5 
3 11 18 19 30 6 
3 11 18 19 30 7 
3 11 18 19 30 8 
3 11 19 5 35 9 
3 11 19 5 35 10 
3 11 19 5 35 12 
3 11 19 5 35 13 
3 11 19 7 35 9 
3 11 19 7 35 10 
3 11 19 7 35 12 
3 11 19 7 35 13 
3 11 19 14 35 9 
3 11 19 14 35 10 
3 11 19 14 35 12 
3 11 19 14 35 13 
3 11 19 17 35 9 
3 11 19 17 35 10 
3 11 19 17 35 12 
3 11 19 17 35 13 
3 14 15 8 20 16 
3 14 15 8 20 17 
3 14 15 8 20 18 
3 14 15 8 20 19 
3 14 15 12 20 16 
3 14 15 12 20 17 
3 14 15 12 20 18 
3 14 15 12 20 19 
3 14 15 13 20 16 
3 14 15 13 20 17 
3 14 15 13 20 18 
3 14 15 13 20 19 
3 14 16 8 20 4 
3 14 16 8 20 5 
3 14 16 8 20 6 
3 14 16 8 20 7 
3 14 16 8 21 4 
3 14 16 8 21 5 
3 14 16 8 21 6 
3 14 16 8 21 7 
3 14 16 8 25 4 
3 14 16 8 25 5 
3 14 16 8 25 6 
3 14 16 8 25 7 
3 14 16 8 26 4 
3 14 16 8 26 5 
3 14 16 8 26 6 
3 14 16 8 26 7 
3 14 16 12 20 4 
3 14 16 12 20 5 
3 14 16 12 20 6 
3 14 16 12 20 7 
3 14 16 12 20 8 
3 14 16 12 21 4 
3 14 16 12 21 5 
3 14 16 12 21 6 
3 14 16 12 21 7 
3 14 16 12 21 8 
3 14 16 12 25 4 
3 14 16 12 25 5 
3 14 16 12 25 6 
3 14 16 12 25 7 
3 14 16 12 25 8 
3 14 16 12 26 4 
3 14 16 12 26 5 
3 14 16 12 26 6 
3 14 16 12 26 7 
3 14 16 12 26 8 
3 14 16 13 20 4 
3 14 16 13 20 5 
3 14 16 13 20 6 
3 14 16 13 20 7 
3 14 16 13 20 8 
3 14 16 13 21 4 
3 14 16 13 21 5 
3 14 16 13 21 6 
3 14 16 13 21 7 
3 14 16 13 21 8 
3 14 16 13 25 4 
3 14 16 13 25 5 
3 14 16 13 25 6 
3 14 16 13 25 7 
3 14 16 13 25 8 
3 14 16 13 26 4 
3 14 16 13 26 5 
3 14 16 13 26 6 
3 14 16 13 26 7 
3 14 16 13 26 8 
3 14 16 15 20 4 
3 14 16 15 20 5 
3 14 16 15 20 6 
3 14 16 15 20 7 
3 14 16 15 20 8 
3 14 16 15 21 4 
3 14 16 15 21 5 
3 14 16 15 21 6 
3 14 16 15 21 7 
3 14 16 15 21 8 
3 14 16 15 25 4 
3 14 16 15 25 5 
3 14 16 15 25 6 
3 14 16 15 25 7 
3 14 16 15 25 8 
3 14 16 15 26 4 
3 14 16 15 26 5 
3 14 16 15 26 6 
3 14 16 15 26 7 
3 14 16 15 26 8 
3 14 17 8 28 9 
3 14 17 8 28 10 
3 14 17 8 28 11 
3 14 17 8 28 12 
3 14 17 8 28 13 
3 14 17 8 30 9 
3 14 17 8 30 10 
3 14 17 8 30 11 
3 14 17 8 30 12 
3 14 17 8 30 13 
3 14 17 12 28 9 
3 14 17 12 28 10 
3 14 17 12 28 11 
3 14 17 12 28 13 
3 14 17 12 30 9 
3 14 17 12 30 10 
3 14 17 12 30 11 
3 14 17 12 30 13 
3 14 17 13 28 9 
3 14 17 13 28 10 
3 14 17 13 28 11 
3 14 17 13 28 12 
3 14 17 13 30 9 
3 14 17 13 30 10 
3 14 17 13 30 11 
3 14 17 13 30 12 
3 14 17 15 28 9 
3 14 17 15 28 10 
3 14 17 15 28 11 
3 14 17 15 28 12 
3 14 17 15 28 13 
3 14 17 15 30 9 
3 14 17 15 30 10 
3 14 17 15 30 11 
3 14 17 15 30 12 
3 14 17 15 30 13 
3 14 18 8 23 4 
3 14 18 8 23 5 
3 14 18 8 23 6 
3 14 18 8 23 7 
3 14 18 8 27 4 
3 14 18 8 27 5 
3 14 18 8 27 6 
3 14 18 8 27 7 
3 14 18 8 29 4 
3 14 18 8 29 5 
3 14 18 8 29 6 
3 14 18 8 29 7 
3 14 18 12 23 4 
3 14 18 12 23 5 
3 14 18 12 23 6 
3 14 18 12 23 7 
3 14 18 12 23 8 
3 14 18 12 27 4 
3 14 18 12 27 5 
3 14 18 12 27 6 
3 14 18 12 27 7 
3 14 18 12 27 8 
3 14 18 12 29 4 
3 14 18 12 29 5 
3 14 18 12 29 6 
3 14 18 12 29 7 
3 14 18 12 29 8 
3 14 18 13 23 4 
3 14 18 13 23 5 
3 14 18 13 23 6 
3 14 18 13 23 7 
3 14 18 13 23 8 
3 14 18 13 27 4 
3 14 18 13 27 5 
3 14 18 13 27 6 
3 14 18 13 27 7 
3 14 18 13 27 8 
3 14 18 13 29 4 
3 14 18 13 29 5 
3 14 18 13 29 6 
3 14 18 13 29 7 
3 14 18 13 29 8 
3 14 18 15 23 4 
3 14 18 15 23 5 
3 14 18 15 23 6 
3 14 18 15 23 7 
3 14 18 15 23 8 
3 14 18 15 27 4 
3 14 18 15 27 5 
3 14 18 15 27 6 
3 14 18 15 27 7 
3 14 18 15 27 8 
3 14 18 15 29 4 
3 14 18 15 29 5 
3 14 18 15 29 6 
3 14 18 15 29 7 
3 14 18 15 29 8 
3 14 19 8 22 9 
3 14 19 8 22 10 
3 14 19 8 22 11 
3 14 19 8 22 12 
3 14 19 8 22 13 
3 14 19 8 24 9 
3 14 19 8 24 10 
3 14 19 8 24 11 
3 14 19 8 24 12 
3 14 19 8 24 13 
3 14 19 8 31 9 
3 14 19 8 31 10 
3 14 19 8 31 11 
3 14 19 8 31 12 
3 14 19 8 31 13 
3 14 19 12 22 9 
3 14 19 12 22 10 
3 14 19 12 22 11 
3 14 19 12 22 13 
3 14 19 12 24 9 
3 14 19 12 24 10 
3 14 19 12 24 11 
3 14 19 12 24 13 
3 14 19 12 31 9 
3 14 19 12 31 10 
3 14 19 12 31 11 
3 14 19 12 31 13 
3 14 19 13 22 9 
3 14 19 13 22 10 
3 14 19 13 22 11 
3 14 19 13 22 12 
3 14 19 13 24 9 
3 14 19 13 24 10 
3 14 19 13 24 11 
3 14 19 13 24 12 
3 14 19 13 31 9 
3 14 19 13 31 10 
3 14 19 13 31 11 
3 14 19 13 31 12 
3 14 19 15 22 9 
3 14 19 15 22 10 
3 14 19 15 22 11 
3 14 19 15 22 12 
3 14 19 15 22 13 
3 14 19 15 24 9 
3 14 19 15 24 10 
3 14 19 15 24 11 
3 14 19 15 24 12 
3 14 19 15 24 13 
3 14 19 15 31 9 
3 14 19 15 31 10 
3 14 19 15 31 11 
3 14 19 15 31 12 
3 14 19 15 31 13 
3 17 14 8 23 9 
3 17 14 8 23 10 
3 17 14 8 23 11 
3 17 14 8 23 12 
3 17 14 8 23 13 
3 17 14 8 24 9 
3 17 14 8 24 10 
3 17 14 8 24 11 
3 17 14 8 24 12 
3 17 14 8 24 13 
3 17 14 12 23 9 
3 17 14 12 23 10 
3 17 14 12 23 11 
3 17 14 12 23 13 
3 17 14 12 24 9 
3 17 14 12 24 10 
3 17 14 12 24 11 
3 17 14 12 24 13 
3 17 14 13 23 9 
3 17 14 13 23 10 
3 17 14 13 23 11 
3 17 14 13 23 12 
3 17 14 13 24 9 
3 17 14 13 24 10 
3 17 14 13 24 11 
3 17 14 13 24 12 
3 17 14 15 23 9 
3 17 14 15 23 10 
3 17 14 15 23 11 
3 17 14 15 23 12 
3 17 14 15 23 13 
3 17 14 15 24 9 
3 17 14 15 24 10 
3 17 14 15 24 11 
3 17 14 15 24 12 
3 17 14 15 24 13 
3 17 15 8 23 14 
3 17 15 8 23 16 
3 17 15 8 23 18 
3 17 15 8 23 19 
3 17 15 8 24 14 
3 17 15 8 24 16 
3 17 15 8 24 18 
3 17 15 8 24 19 
3 17 15 12 23 14 
3 17 15 12 23 16 
3 17 15 12 23 18 
3 17 15 12 23 19 
3 17 15 12 24 14 
3 17 15 12 24 16 
3 17 15 12 24 18 
3 17 15 12 24 19 
3 17 15 13 23 14 
3 17 15 13 23 16 
3 17 15 13 23 18 
3 17 15 13 23 19 
3 17 15 13 24 14 
3 17 15 13 24 16 
3 17 15 13 24 18 
3 17 15 13 24 19 
3 17 16 8 28 4 
3 17 16 8 28 5 
3 17 16 8 28 6 
3 17 16 8 28 7 
3 17 16 8 32 4 
3 17 16 8 32 5 
3 17 16 8 32 6 
3 17 16 8 32 7 
3 17 16 8 33 4 
3 17 16 8 33 5 
3 17 16 8 33 6 
3 17 16 8 33 7 
3 17 16 8 34 4 
3 17 16 8 34 5 
3 17 16 8 34 6 
3 17 16 8 34 7 
3 17 16 12 28 4 
3 17 16 12 28 5 
3 17 16 12 28 6 
3 17 16 12 28 7 
3 17 16 12 28 8 
3 17 16 12 32 4 
3 17 16 12 32 5 
3 17 16 12 32 6 
3 17 16 12 32 7 
3 17 16 12 32 8 
3 17 16 12 33 4 
3 17 16 12 33 5 
3 17 16 12 33 6 
3 17 16 12 33 7 
3 17 16 12 33 8 
3 17 16 12 34 4 
3 17 16 12 34 5 
3 17 16 12 34 6 
3 17 16 12 34 7 
3 17 16 12 34 8 
3 17 16 13 28 4 
3 17 16 13 28 5 
3 17 16 13 28 6 
3 17 16 13 28 7 
3 17 16 13 28 8 
3 17 16 13 32 4 
3 17 16 13 32 5 
3 17 16 13 32 6 
3 17 16 13 32 7 
3 17 16 13 32 8 
3 17 16 13 33 4 
3 17 16 13 33 5 
3 17 16 13 33 6 
3 17 16 13 33 7 
3 17 16 13 33 8 
3 17 16 13 34 4 
3 17 16 13 34 5 
3 17 16 13 34 6 
3 17 16 13 34 7 
3 17 16 13 34 8 
3 17 16 15 28 4 
3 17 16 15 28 5 
3 17 16 15 28 6 
3 17 16 15 28 7 
3 17 16 15 28 8 
3 17 16 15 32 4 
3 17 16 15 32 5 
3 17 16 15 32 6 
3 17 16 15 32 7 
3 17 16 15 32 8 
3 17 16 15 33 4 
3 17 16 15 33 5 
3 17 16 15 33 6 
3 17 16 15 33 7 
3 17 16 15 33 8 
3 17 16 15 34 4 
3 17 16 15 34 5 
3 17 16 15 34 6 
3 17 16 15 34 7 
3 17 16 15 34 8 
3 17 18 8 25 4 
3 17 18 8 25 5 
3 17 18 8 25 6 
3 17 18 8 25 7 
3 17 18 8 30 4 
3 17 18 8 30 5 
3 17 18 8 30 6 
3 17 18 8 30 7 
3 17 18 12 25 4 
3 17 18 12 25 5 
3 17 18 12 25 6 
3 17 18 12 25 7 
3 17 18 12 25 8 
3 17 18 12 30 4 
3 17 18 12 30 5 
3 17 18 12 30 6 
3 17 18 12 30 7 
3 17 18 12 30 8 
3 17 18 13 25 4 
3 17 18 13 25 5 
3 17 18 13 25 6 
3 17 18 13 25 7 
3 17 18 13 25 8 
3 17 18 13 30 4 
3 17 18 13 30 5 
3 17 18 13 30 6 
3 17 18 13 30 7 
3 17 18 13 30 8 
3 17 18 15 25 4 
3 17 18 15 25 5 
3 17 18 15 25 6 
3 17 18 15 25 7 
3 17 18 15 25 8 
3 17 18 15 30 4 
3 17 18 15 30 5 
3 17 18 15 30 6 
3 17 18 15 30 7 
3 17 18 15 30 8 
3 17 19 8 35 9 
3 17 19 8 35 10 
3 17 19 8 35 11 
3 17 19 8 35 12 
3 17 19 8 35 13 
3 17 19 12 35 9 
3 17 19 12 35 10 
3 17 19 12 35 11 
3 17 19 12 35 13 
3 17 19 13 35 9 
3 17 19 13 35 10 
3 17 19 13 35 11 
3 17 19 13 35 12 
3 17 19 15 35 9 
3 17 19 15 35 10 
3 17 19 15 35 11 
3 17 19 15 35 12 
3 17 19 15 35 13 
3 19 14 8 28 9 
3 19 14 8 28 10 
3 19 14 8 28 11 
3 19 14 8 28 12 
3 19 14 8 28 13 
3 19 14 8 29 9 
3 19 14 8 29 10 
3 19 14 8 29 11 
3 19 14 8 29 12 
3 19 14 8 29 13 
3 19 14 8 30 9 
3 19 14 8 30 10 
3 19 14 8 30 11 
3 19 14 8 30 12 
3 19 14 8 30 13 
3 19 14 8 31 9 
3 19 14 8 31 10 
3 19 14 8 31 11 
3 19 14 8 31 12 
3 19 14 8 31 13 
3 19 14 12 28 9 
3 19 14 12 28 10 
3 19 14 12 28 11 
3 19 14 12 28 13 
3 19 14 12 29 9 
3 19 14 12 29 10 
3 19 14 12 29 11 
3 19 14 12 29 13 
3 19 14 12 30 9 
3 19 14 12 30 10 
3 19 14 12 30 11 
3 19 14 12 30 13 
3 19 14 12 31 9 
3 19 14 12 31 10 
3 19 14 12 31 11 
3 19 14 12 31 13 
3 19 14 13 28 9 
3 19 14 13 28 10 
3 19 14 13 28 11 
3 19 14 13 28 12 
3 19 14 13 29 9 
3 19 14 13 29 10 
3 19 14 13 29 11 
3 19 14 13 29 12 
3 19 14 13 30 9 
3 19 14 13 30 10 
3 19 14 13 30 11 
3 19 14 13 30 12 
3 19 14 13 31 9 
3 19 14 13 31 10 
3 19 14 13 31 11 
3 19 14 13 31 12 
3 19 14 15 28 9 
3 19 14 15 28 10 
3 19 14 15 28 11 
3 19 14 15 28 12 
3 19 14 15 28 13 
3 19 14 15 29 9 
3 19 14 15 29 10 
3 19 14 15 29 11 
3 19 14 15 29 12 
3 19 14 15 29 13 
3 19 14 15 30 9 
3 19 14 15 30 10 
3 19 14 15 30 11 
3 19 14 15 30 12 
3 19 14 15 30 13 
3 19 14 15 31 9 
3 19 14 15 31 10 
3 19 14 15 31 11 
3 19 14 15 31 12 
3 19 14 15 31 13 
3 19 15 8 28 14 
3 19 15 8 28 16 
3 19 15 8 28 17 
3 19 15 8 28 18 
3 19 15 8 29 14 
3 19 15 8 29 16 
3 19 15 8 29 17 
3 19 15 8 29 18 
3 19 15 8 30 14 
3 19 15 8 30 16 
3 19 15 8 30 17 
3 19 15 8 30 18 
3 19 15 8 31 14 
3 19 15 8 31 16 
3 19 15 8 31 17 
3 19 15 8 31 18 
3 19 15 12 28 14 
3 19 15 12 28 16 
3 19 15 12 28 17 
3 19 15 12 28 18 
3 19 15 12 29 14 
3 19 15 12 29 16 
3 19 15 12 29 17 
3 19 15 12 29 18 
3 19 15 12 30 14 
3 19 15 12 30 16 
3 19 15 12 30 17 
3 19 15 12 30 18 
3 19 15 12 31 14 
3 19 15 12 31 16 
3 19 15 12 31 17 
3 19 15 12 31 18 
3 19 15 13 28 14 
3 19 15 13 28 16 
3 19 15 13 28 17 
3 19 15 13 28 18 
3 19 15 13 29 14 
3 19 15 13 29 16 
3 19 15 13 29 17 
3 19 15 13 29 18 
3 19 15 13 30 14 
3 19 15 13 30 16 
3 19 15 13 30 17 
3 19 15 13 30 18 
3 19 15 13 31 14 
3 19 15 13 31 16 
3 19 15 13 31 17 
3 19 15 13 31 18 
3 19 16 8 22 4 
3 19 16 8 22 5 
3 19 16 8 22 6 
3 19 16 8 22 7 
3 19 16 8 35 4 
3 19 16 8 35 5 
3 19 16 8 35 6 
3 19 16 8 35 7 
3 19 16 12 22 4 
3 19 16 12 22 5 
3 19 16 12 22 6 
3 19 16 12 22 7 
3 19 16 12 22 8 
3 19 16 12 35 4 
3 19 16 12 35 5 
3 19 16 12 35 6 
3 19 16 12 35 7 
3 19 16 12 35 8 
3 19 16 13 22 4 
3 19 16 13 22 5 
3 19 16 13 22 6 
3 19 16 13 22 7 
3 19 16 13 22 8 
3 19 16 13 35 4 
3 19 16 13 35 5 
3 19 16 13 35 6 
3 19 16 13 35 7 
3 19 16 13 35 8 
3 19 16 15 22 4 
3 19 16 15 22 5 
3 19 16 15 22 6 
3 19 16 15 22 7 
3 19 16 15 22 8 
3 19 16 15 35 4 
3 19 16 15 35 5 
3 19 16 15 35 6 
3 19 16 15 35 7 
3 19 16 15 35 8 
3 19 17 8 33 9 
3 19 17 8 33 10 
3 19 17 8 33 11 
3 19 17 8 33 12 
3 19 17 8 33 13 
3 19 17 8 35 9 
3 19 17 8 35 10 
3 19 17 8 35 11 
3 19 17 8 35 12 
3 19 17 8 35 13 
3 19 17 12 33 9 
3 19 17 12 33 10 
3 19 17 12 33 11 
3 19 17 12 33 13 
3 19 17 12 35 9 
3 19 17 12 35 10 
3 19 17 12 35 11 
3 19 17 12 35 13 
3 19 17 13 33 9 
3 19 17 13 33 10 
3 19 17 13 33 11 
3 19 17 13 33 12 
3 19 17 13 35 9 
3 19 17 13 35 10 
3 19 17 13 35 11 
3 19 17 13 35 12 
3 19 17 15 33 9 
3 19 17 15 33 10 
3 19 17 15 33 11 
3 19 17 15 33 12 
3 19 17 15 33 13 
3 19 17 15 35 9 
3 19 17 15 35 10 
3 19 17 15 35 11 
3 19 17 15 35 12 
3 19 17 15 35 13 
3 19 18 8 24 4 
3 19 18 8 24 5 
3 19 18 8 24 6 
3 19 18 8 24 7 
3 19 18 8 31 4 
3 19 18 8 31 5 
3 19 18 8 31 6 
3 19 18 8 31 7 
3 19 18 8 34 4 
3 19 18 8 34 5 
3 19 18 8 34 6 
3 19 18 8 34 7 
3 19 18 12 24 4 
3 19 18 12 24 5 
3 19 18 12 24 6 
3 19 18 12 24 7 
3 19 18 12 24 8 
3 19 18 12 31 4 
3 19 18 12 31 5 
3 19 18 12 31 6 
3 19 18 12 31 7 
3 19 18 12 31 8 
3 19 18 12 34 4 
3 19 18 12 34 5 
3 19 18 12 34 6 
3 19 18 12 34 7 
3 19 18 12 34 8 
3 19 18 13 24 4 
3 19 18 13 24 5 
3 19 18 13 24 6 
3 19 18 13 24 7 
3 19 18 13 24 8 
3 19 18 13 31 4 
3 19 18 13 31 5 
3 19 18 13 31 6 
3 19 18 13 31 7 
3 19 18 13 31 8 
3 19 18 13 34 4 
3 19 18 13 34 5 
3 19 18 13 34 6 
3 19 18 13 34 7 
3 19 18 13 34 8 
3 19 18 15 24 4 
3 19 18 15 24 5 
3 19 18 15 24 6 
3 19 18 15 24 7 
3 19 18 15 24 8 
3 19 18 15 31 4 
3 19 18 15 31 5 
3 19 18 15 31 6 
3 19 18 15 31 7 
3 19 18 15 31 8 
3 19 18 15 34 4 
3 19 18 15 34 5 
3 19 18 15 34 6 
3 19 18 15 34 7 
3 19 18 15 34 8 
