6
2
0
2
1
2 5 9 4 23 6 
2 5 9 4 23 7 
2 5 9 4 23 8 
2 5 9 4 24 6 
2 5 9 4 24 7 
2 5 9 4 24 8 
2 5 9 6 23 4 
2 5 9 6 23 7 
2 5 9 6 23 8 
2 5 9 6 24 4 
2 5 9 6 24 7 
2 5 9 6 24 8 
2 5 9 10 23 4 
2 5 9 10 23 6 
2 5 9 10 23 7 
2 5 9 10 23 8 
2 5 9 10 24 4 
2 5 9 10 24 6 
2 5 9 10 24 7 
2 5 9 10 24 8 
2 5 9 16 23 4 
2 5 9 16 23 6 
2 5 9 16 23 7 
2 5 9 16 23 8 
2 5 9 16 24 4 
2 5 9 16 24 6 
2 5 9 16 24 7 
2 5 9 16 24 8 
2 5 9 18 23 4 
2 5 9 18 23 6 
2 5 9 18 23 7 
2 5 9 18 23 8 
2 5 9 18 24 4 
2 5 9 18 24 6 
2 5 9 18 24 7 
2 5 9 18 24 8 
2 5 10 4 28 6 
2 5 10 4 28 7 
2 5 10 4 28 8 
2 5 10 4 32 6 
2 5 10 4 32 7 
2 5 10 4 32 8 
2 5 10 4 33 6 
2 5 10 4 33 7 
2 5 10 4 33 8 
2 5 10 4 34 6 
2 5 10 4 34 7 
2 5 10 4 34 8 
2 5 10 6 28 4 
2 5 10 6 28 7 
2 5 10 6 28 8 
2 5 10 6 32 4 
2 5 10 6 32 7 
2 5 10 6 32 8 
2 5 10 6 33 4 
2 5 10 6 33 7 
2 5 10 6 33 8 
2 5 10 6 34 4 
2 5 10 6 34 7 
2 5 10 6 34 8 
2 5 10 9 28 4 
2 5 10 9 28 6 
2 5 10 9 28 7 
2 5 10 9 28 8 
2 5 10 9 32 4 
2 5 10 9 32 6 
2 5 10 9 32 7 
2 5 10 9 32 8 
2 5 10 9 33 4 
2 5 10 9 33 6 
2 5 10 9 33 7 
2 5 10 9 33 8 
2 5 10 9 34 4 
2 5 10 9 34 6 
2 5 10 9 34 7 
2 5 10 9 34 8 
2 5 10 16 28 4 
2 5 10 16 28 6 
2 5 10 16 28 7 
2 5 10 16 28 8 
2 5 10 16 32 4 
2 5 10 16 32 6 
2 5 10 16 32 7 
2 5 10 16 32 8 
2 5 10 16 33 4 
2 5 10 16 33 6 
2 5 10 16 33 7 
2 5 10 16 33 8 
2 5 10 16 34 4 
2 5 10 16 34 6 
2 5 10 16 34 7 
2 5 10 16 34 8 
2 5 10 18 28 4 
2 5 10 18 28 6 
2 5 10 18 28 7 
2 5 10 18 28 8 
2 5 10 18 32 4 
2 5 10 18 32 6 
2 5 10 18 32 7 
2 5 10 18 32 8 
2 5 10 18 33 4 
2 5 10 18 33 6 
2 5 10 18 33 7 
2 5 10 18 33 8 
2 5 10 18 34 4 
2 5 10 18 34 6 
2 5 10 18 34 7 
2 5 10 18 34 8 
2 5 11 4 23 9 
2 5 11 4 23 10 
2 5 11 4 23 12 
2 5 11 4 23 13 
2 5 11 4 33 9 
2 5 11 4 33 10 
2 5 11 4 33 12 
2 5 11 4 33 13 
2 5 11 6 23 9 
2 5 11 6 23 10 
2 5 11 6 23 12 
2 5 11 6 23 13 
2 5 11 6 33 9 
2 5 11 6 33 10 
2 5 11 6 33 12 
2 5 11 6 33 13 
2 5 11 9 23 10 
2 5 11 9 23 12 
2 5 11 9 23 13 
2 5 11 9 33 10 
2 5 11 9 33 12 
2 5 11 9 33 13 
2 5 11 10 23 9 
2 5 11 10 23 12 
2 5 11 10 23 13 
2 5 11 10 33 9 
2 5 11 10 33 12 
2 5 11 10 33 13 
2 5 11 16 23 9 
2 5 11 16 23 10 
2 5 11 16 23 12 
2 5 11 16 23 13 
2 5 11 16 33 9 
2 5 11 16 33 10 
2 5 11 16 33 12 
2 5 11 16 33 13 
2 5 11 18 23 9 
2 5 11 18 23 10 
2 5 11 18 23 12 
2 5 11 18 23 13 
2 5 11 18 33 9 
2 5 11 18 33 10 
2 5 11 18 33 12 
2 5 11 18 33 13 
2 5 12 4 23 14 
2 5 12 4 23 15 
2 5 12 4 23 16 
2 5 12 4 23 17 
2 5 12 4 23 18 
2 5 12 4 23 19 
2 5 12 4 33 14 
2 5 12 4 33 15 
2 5 12 4 33 16 
2 5 12 4 33 17 
2 5 12 4 33 18 
2 5 12 4 33 19 
2 5 12 6 23 14 
2 5 12 6 23 15 
2 5 12 6 23 16 
2 5 12 6 23 17 
2 5 12 6 23 18 
2 5 12 6 23 19 
2 5 12 6 33 14 
2 5 12 6 33 15 
2 5 12 6 33 16 
2 5 12 6 33 17 
2 5 12 6 33 18 
2 5 12 6 33 19 
2 5 12 9 23 14 
2 5 12 9 23 15 
2 5 12 9 23 16 
2 5 12 9 23 17 
2 5 12 9 23 18 
2 5 12 9 23 19 
2 5 12 9 33 14 
2 5 12 9 33 15 
2 5 12 9 33 16 
2 5 12 9 33 17 
2 5 12 9 33 18 
2 5 12 9 33 19 
2 5 12 10 23 14 
2 5 12 10 23 15 
2 5 12 10 23 16 
2 5 12 10 23 17 
2 5 12 10 23 18 
2 5 12 10 23 19 
2 5 12 10 33 14 
2 5 12 10 33 15 
2 5 12 10 33 16 
2 5 12 10 33 17 
2 5 12 10 33 18 
2 5 12 10 33 19 
2 5 12 16 23 14 
2 5 12 16 23 15 
2 5 12 16 23 17 
2 5 12 16 23 18 
2 5 12 16 23 19 
2 5 12 16 33 14 
2 5 12 16 33 15 
2 5 12 16 33 17 
2 5 12 16 33 18 
2 5 12 16 33 19 
2 5 12 18 23 14 
2 5 12 18 23 15 
2 5 12 18 23 16 
2 5 12 18 23 17 
2 5 12 18 23 19 
2 5 12 18 33 14 
2 5 12 18 33 15 
2 5 12 18 33 16 
2 5 12 18 33 17 
2 5 12 18 33 19 
2 5 13 4 25 14 
2 5 13 4 25 15 
2 5 13 4 25 16 
2 5 13 4 25 17 
2 5 13 4 25 18 
2 5 13 4 25 19 
2 5 13 4 30 14 
2 5 13 4 30 15 
2 5 13 4 30 16 
2 5 13 4 30 17 
2 5 13 4 30 18 
2 5 13 4 30 19 
2 5 13 6 25 14 
2 5 13 6 25 15 
2 5 13 6 25 16 
2 5 13 6 25 17 
2 5 13 6 25 18 
2 5 13 6 25 19 
2 5 13 6 30 14 
2 5 13 6 30 15 
2 5 13 6 30 16 
2 5 13 6 30 17 
2 5 13 6 30 18 
2 5 13 6 30 19 
2 5 13 9 25 14 
2 5 13 9 25 15 
2 5 13 9 25 16 
2 5 13 9 25 17 
2 5 13 9 25 18 
2 5 13 9 25 19 
2 5 13 9 30 14 
2 5 13 9 30 15 
2 5 13 9 30 16 
2 5 13 9 30 17 
2 5 13 9 30 18 
2 5 13 9 30 19 
2 5 13 10 25 14 
2 5 13 10 25 15 
2 5 13 10 25 16 
2 5 13 10 25 17 
2 5 13 10 25 18 
2 5 13 10 25 19 
2 5 13 10 30 14 
2 5 13 10 30 15 
2 5 13 10 30 16 
2 5 13 10 30 17 
2 5 13 10 30 18 
2 5 13 10 30 19 
2 5 13 16 25 14 
2 5 13 16 25 15 
2 5 13 16 25 17 
2 5 13 16 25 18 
2 5 13 16 25 19 
2 5 13 16 30 14 
2 5 13 16 30 15 
2 5 13 16 30 17 
2 5 13 16 30 18 
2 5 13 16 30 19 
2 5 13 18 25 14 
2 5 13 18 25 15 
2 5 13 18 25 16 
2 5 13 18 25 17 
2 5 13 18 25 19 
2 5 13 18 30 14 
2 5 13 18 30 15 
2 5 13 18 30 16 
2 5 13 18 30 17 
2 5 13 18 30 19 
2 7 9 4 28 5 
2 7 9 4 28 6 
2 7 9 4 28 8 
2 7 9 4 29 5 
2 7 9 4 29 6 
2 7 9 4 29 8 
2 7 9 4 30 5 
2 7 9 4 30 6 
2 7 9 4 30 8 
2 7 9 4 31 5 
2 7 9 4 31 6 
2 7 9 4 31 8 
2 7 9 6 28 4 
2 7 9 6 28 5 
2 7 9 6 28 8 
2 7 9 6 29 4 
2 7 9 6 29 5 
2 7 9 6 29 8 
2 7 9 6 30 4 
2 7 9 6 30 5 
2 7 9 6 30 8 
2 7 9 6 31 4 
2 7 9 6 31 5 
2 7 9 6 31 8 
2 7 9 10 28 4 
2 7 9 10 28 5 
2 7 9 10 28 6 
2 7 9 10 28 8 
2 7 9 10 29 4 
2 7 9 10 29 5 
2 7 9 10 29 6 
2 7 9 10 29 8 
2 7 9 10 30 4 
2 7 9 10 30 5 
2 7 9 10 30 6 
2 7 9 10 30 8 
2 7 9 10 31 4 
2 7 9 10 31 5 
2 7 9 10 31 6 
2 7 9 10 31 8 
2 7 9 16 28 4 
2 7 9 16 28 5 
2 7 9 16 28 6 
2 7 9 16 28 8 
2 7 9 16 29 4 
2 7 9 16 29 5 
2 7 9 16 29 6 
2 7 9 16 29 8 
2 7 9 16 30 4 
2 7 9 16 30 5 
2 7 9 16 30 6 
2 7 9 16 30 8 
2 7 9 16 31 4 
2 7 9 16 31 5 
2 7 9 16 31 6 
2 7 9 16 31 8 
2 7 9 18 28 4 
2 7 9 18 28 5 
2 7 9 18 28 6 
2 7 9 18 28 8 
2 7 9 18 29 4 
2 7 9 18 29 5 
2 7 9 18 29 6 
2 7 9 18 29 8 
2 7 9 18 30 4 
2 7 9 18 30 5 
2 7 9 18 30 6 
2 7 9 18 30 8 
2 7 9 18 31 4 
2 7 9 18 31 5 
2 7 9 18 31 6 
2 7 9 18 31 8 
2 7 10 4 22 5 
2 7 10 4 22 6 
2 7 10 4 22 8 
2 7 10 4 35 5 
2 7 10 4 35 6 
2 7 10 4 35 8 
2 7 10 6 22 4 
2 7 10 6 22 5 
2 7 10 6 22 8 
2 7 10 6 35 4 
2 7 10 6 35 5 
2 7 10 6 35 8 
2 7 10 9 22 4 
2 7 10 9 22 5 
2 7 10 9 22 6 
2 7 10 9 22 8 
2 7 10 9 35 4 
2 7 10 9 35 5 
2 7 10 9 35 6 
2 7 10 9 35 8 
2 7 10 16 22 4 
2 7 10 16 22 5 
2 7 10 16 22 6 
2 7 10 16 22 8 
2 7 10 16 35 4 
2 7 10 16 35 5 
2 7 10 16 35 6 
2 7 10 16 35 8 
2 7 10 18 22 4 
2 7 10 18 22 5 
2 7 10 18 22 6 
2 7 10 18 22 8 
2 7 10 18 35 4 
2 7 10 18 35 5 
2 7 10 18 35 6 
2 7 10 18 35 8 
2 7 11 4 33 9 
2 7 11 4 33 10 
2 7 11 4 33 12 
2 7 11 4 33 13 
2 7 11 4 35 9 
2 7 11 4 35 10 
2 7 11 4 35 12 
2 7 11 4 35 13 
2 7 11 6 33 9 
2 7 11 6 33 10 
2 7 11 6 33 12 
2 7 11 6 33 13 
2 7 11 6 35 9 
2 7 11 6 35 10 
2 7 11 6 35 12 
2 7 11 6 35 13 
2 7 11 9 33 10 
2 7 11 9 33 12 
2 7 11 9 33 13 
2 7 11 9 35 10 
2 7 11 9 35 12 
2 7 11 9 35 13 
2 7 11 10 33 9 
2 7 11 10 33 12 
2 7 11 10 33 13 
2 7 11 10 35 9 
2 7 11 10 35 12 
2 7 11 10 35 13 
2 7 11 16 33 9 
2 7 11 16 33 10 
2 7 11 16 33 12 
2 7 11 16 33 13 
2 7 11 16 35 9 
2 7 11 16 35 10 
2 7 11 16 35 12 
2 7 11 16 35 13 
2 7 11 18 33 9 
2 7 11 18 33 10 
2 7 11 18 33 12 
2 7 11 18 33 13 
2 7 11 18 35 9 
2 7 11 18 35 10 
2 7 11 18 35 12 
2 7 11 18 35 13 
2 7 12 4 33 14 
2 7 12 4 33 15 
2 7 12 4 33 16 
2 7 12 4 33 17 
2 7 12 4 33 18 
2 7 12 4 33 19 
2 7 12 4 35 14 
2 7 12 4 35 15 
2 7 12 4 35 16 
2 7 12 4 35 17 
2 7 12 4 35 18 
2 7 12 4 35 19 
2 7 12 6 33 14 
2 7 12 6 33 15 
2 7 12 6 33 16 
2 7 12 6 33 17 
2 7 12 6 33 18 
2 7 12 6 33 19 
2 7 12 6 35 14 
2 7 12 6 35 15 
2 7 12 6 35 16 
2 7 12 6 35 17 
2 7 12 6 35 18 
2 7 12 6 35 19 
2 7 12 9 33 14 
2 7 12 9 33 15 
2 7 12 9 33 16 
2 7 12 9 33 17 
2 7 12 9 33 18 
2 7 12 9 33 19 
2 7 12 9 35 14 
2 7 12 9 35 15 
2 7 12 9 35 16 
2 7 12 9 35 17 
2 7 12 9 35 18 
2 7 12 9 35 19 
2 7 12 10 33 14 
2 7 12 10 33 15 
2 7 12 10 33 16 
2 7 12 10 33 17 
2 7 12 10 33 18 
2 7 12 10 33 19 
2 7 12 10 35 14 
2 7 12 10 35 15 
2 7 12 10 35 16 
2 7 12 10 35 17 
2 7 12 10 35 18 
2 7 12 10 35 19 
2 7 12 16 33 14 
2 7 12 16 33 15 
2 7 12 16 33 17 
2 7 12 16 33 18 
2 7 12 16 33 19 
2 7 12 16 35 14 
2 7 12 16 35 15 
2 7 12 16 35 17 
2 7 12 16 35 18 
2 7 12 16 35 19 
2 7 12 18 33 14 
2 7 12 18 33 15 
2 7 12 18 33 16 
2 7 12 18 33 17 
2 7 12 18 33 19 
2 7 12 18 35 14 
2 7 12 18 35 15 
2 7 12 18 35 16 
2 7 12 18 35 17 
2 7 12 18 35 19 
2 7 13 4 24 14 
2 7 13 4 24 15 
2 7 13 4 24 16 
2 7 13 4 24 17 
2 7 13 4 24 18 
2 7 13 4 24 19 
2 7 13 4 31 14 
2 7 13 4 31 15 
2 7 13 4 31 16 
2 7 13 4 31 17 
2 7 13 4 31 18 
2 7 13 4 31 19 
2 7 13 4 34 14 
2 7 13 4 34 15 
2 7 13 4 34 16 
2 7 13 4 34 17 
2 7 13 4 34 18 
2 7 13 4 34 19 
2 7 13 6 24 14 
2 7 13 6 24 15 
2 7 13 6 24 16 
2 7 13 6 24 17 
2 7 13 6 24 18 
2 7 13 6 24 19 
2 7 13 6 31 14 
2 7 13 6 31 15 
2 7 13 6 31 16 
2 7 13 6 31 17 
2 7 13 6 31 18 
2 7 13 6 31 19 
2 7 13 6 34 14 
2 7 13 6 34 15 
2 7 13 6 34 16 
2 7 13 6 34 17 
2 7 13 6 34 18 
2 7 13 6 34 19 
2 7 13 9 24 14 
2 7 13 9 24 15 
2 7 13 9 24 16 
2 7 13 9 24 17 
2 7 13 9 24 18 
2 7 13 9 24 19 
2 7 13 9 31 14 
2 7 13 9 31 15 
2 7 13 9 31 16 
2 7 13 9 31 17 
2 7 13 9 31 18 
2 7 13 9 31 19 
2 7 13 9 34 14 
2 7 13 9 34 15 
2 7 13 9 34 16 
2 7 13 9 34 17 
2 7 13 9 34 18 
2 7 13 9 34 19 
2 7 13 10 24 14 
2 7 13 10 24 15 
2 7 13 10 24 16 
2 7 13 10 24 17 
2 7 13 10 24 18 
2 7 13 10 24 19 
2 7 13 10 31 14 
2 7 13 10 31 15 
2 7 13 10 31 16 
2 7 13 10 31 17 
2 7 13 10 31 18 
2 7 13 10 31 19 
2 7 13 10 34 14 
2 7 13 10 34 15 
2 7 13 10 34 16 
2 7 13 10 34 17 
2 7 13 10 34 18 
2 7 13 10 34 19 
2 7 13 16 24 14 
2 7 13 16 24 15 
2 7 13 16 24 17 
2 7 13 16 24 18 
2 7 13 16 24 19 
2 7 13 16 31 14 
2 7 13 16 31 15 
2 7 13 16 31 17 
2 7 13 16 31 18 
2 7 13 16 31 19 
2 7 13 16 34 14 
2 7 13 16 34 15 
2 7 13 16 34 17 
2 7 13 16 34 18 
2 7 13 16 34 19 
2 7 13 18 24 14 
2 7 13 18 24 15 
2 7 13 18 24 16 
2 7 13 18 24 17 
2 7 13 18 24 19 
2 7 13 18 31 14 
2 7 13 18 31 15 
2 7 13 18 31 16 
2 7 13 18 31 17 
2 7 13 18 31 19 
2 7 13 18 34 14 
2 7 13 18 34 15 
2 7 13 18 34 16 
2 7 13 18 34 17 
2 7 13 18 34 19 
2 11 9 5 23 4 
2 11 9 5 23 6 
2 11 9 5 23 7 
2 11 9 5 23 8 
2 11 9 5 24 4 
2 11 9 5 24 6 
2 11 9 5 24 7 
2 11 9 5 24 8 
2 11 9 7 23 4 
2 11 9 7 23 5 
2 11 9 7 23 6 
2 11 9 7 23 8 
2 11 9 7 24 4 
2 11 9 7 24 5 
2 11 9 7 24 6 
2 11 9 7 24 8 
2 11 9 14 23 4 
2 11 9 14 23 5 
2 11 9 14 23 6 
2 11 9 14 23 7 
2 11 9 14 23 8 
2 11 9 14 24 4 
2 11 9 14 24 5 
2 11 9 14 24 6 
2 11 9 14 24 7 
2 11 9 14 24 8 
2 11 9 17 23 4 
2 11 9 17 23 5 
2 11 9 17 23 6 
2 11 9 17 23 7 
2 11 9 17 23 8 
2 11 9 17 24 4 
2 11 9 17 24 5 
2 11 9 17 24 6 
2 11 9 17 24 7 
2 11 9 17 24 8 
2 11 9 19 23 4 
2 11 9 19 23 5 
2 11 9 19 23 6 
2 11 9 19 23 7 
2 11 9 19 23 8 
2 11 9 19 24 4 
2 11 9 19 24 5 
2 11 9 19 24 6 
2 11 9 19 24 7 
2 11 9 19 24 8 
2 11 10 5 28 4 
2 11 10 5 28 6 
2 11 10 5 28 7 
2 11 10 5 28 8 
2 11 10 5 32 4 
2 11 10 5 32 6 
2 11 10 5 32 7 
2 11 10 5 32 8 
2 11 10 5 33 4 
2 11 10 5 33 6 
2 11 10 5 33 7 
2 11 10 5 33 8 
2 11 10 5 34 4 
2 11 10 5 34 6 
2 11 10 5 34 7 
2 11 10 5 34 8 
2 11 10 7 28 4 
2 11 10 7 28 5 
2 11 10 7 28 6 
2 11 10 7 28 8 
2 11 10 7 32 4 
2 11 10 7 32 5 
2 11 10 7 32 6 
2 11 10 7 32 8 
2 11 10 7 33 4 
2 11 10 7 33 5 
2 11 10 7 33 6 
2 11 10 7 33 8 
2 11 10 7 34 4 
2 11 10 7 34 5 
2 11 10 7 34 6 
2 11 10 7 34 8 
2 11 10 14 28 4 
2 11 10 14 28 5 
2 11 10 14 28 6 
2 11 10 14 28 7 
2 11 10 14 28 8 
2 11 10 14 32 4 
2 11 10 14 32 5 
2 11 10 14 32 6 
2 11 10 14 32 7 
2 11 10 14 32 8 
2 11 10 14 33 4 
2 11 10 14 33 5 
2 11 10 14 33 6 
2 11 10 14 33 7 
2 11 10 14 33 8 
2 11 10 14 34 4 
2 11 10 14 34 5 
2 11 10 14 34 6 
2 11 10 14 34 7 
2 11 10 14 34 8 
2 11 10 17 28 4 
2 11 10 17 28 5 
2 11 10 17 28 6 
2 11 10 17 28 7 
2 11 10 17 28 8 
2 11 10 17 32 4 
2 11 10 17 32 5 
2 11 10 17 32 6 
2 11 10 17 32 7 
2 11 10 17 32 8 
2 11 10 17 33 4 
2 11 10 17 33 5 
2 11 10 17 33 6 
2 11 10 17 33 7 
2 11 10 17 33 8 
2 11 10 17 34 4 
2 11 10 17 34 5 
2 11 10 17 34 6 
2 11 10 17 34 7 
2 11 10 17 34 8 
2 11 10 19 28 4 
2 11 10 19 28 5 
2 11 10 19 28 6 
2 11 10 19 28 7 
2 11 10 19 28 8 
2 11 10 19 32 4 
2 11 10 19 32 5 
2 11 10 19 32 6 
2 11 10 19 32 7 
2 11 10 19 32 8 
2 11 10 19 33 4 
2 11 10 19 33 5 
2 11 10 19 33 6 
2 11 10 19 33 7 
2 11 10 19 33 8 
2 11 10 19 34 4 
2 11 10 19 34 5 
2 11 10 19 34 6 
2 11 10 19 34 7 
2 11 10 19 34 8 
2 11 12 5 23 14 
2 11 12 5 23 15 
2 11 12 5 23 16 
2 11 12 5 23 17 
2 11 12 5 23 18 
2 11 12 5 23 19 
2 11 12 5 33 14 
2 11 12 5 33 15 
2 11 12 5 33 16 
2 11 12 5 33 17 
2 11 12 5 33 18 
2 11 12 5 33 19 
2 11 12 7 23 14 
2 11 12 7 23 15 
2 11 12 7 23 16 
2 11 12 7 23 17 
2 11 12 7 23 18 
2 11 12 7 23 19 
2 11 12 7 33 14 
2 11 12 7 33 15 
2 11 12 7 33 16 
2 11 12 7 33 17 
2 11 12 7 33 18 
2 11 12 7 33 19 
2 11 12 14 23 15 
2 11 12 14 23 16 
2 11 12 14 23 17 
2 11 12 14 23 18 
2 11 12 14 23 19 
2 11 12 14 33 15 
2 11 12 14 33 16 
2 11 12 14 33 17 
2 11 12 14 33 18 
2 11 12 14 33 19 
2 11 12 17 23 14 
2 11 12 17 23 15 
2 11 12 17 23 16 
2 11 12 17 23 18 
2 11 12 17 23 19 
2 11 12 17 33 14 
2 11 12 17 33 15 
2 11 12 17 33 16 
2 11 12 17 33 18 
2 11 12 17 33 19 
2 11 12 19 23 14 
2 11 12 19 23 15 
2 11 12 19 23 16 
2 11 12 19 23 17 
2 11 12 19 23 18 
2 11 12 19 33 14 
2 11 12 19 33 15 
2 11 12 19 33 16 
2 11 12 19 33 17 
2 11 12 19 33 18 
2 11 13 5 25 14 
2 11 13 5 25 15 
2 11 13 5 25 16 
2 11 13 5 25 17 
2 11 13 5 25 18 
2 11 13 5 25 19 
2 11 13 5 30 14 
2 11 13 5 30 15 
2 11 13 5 30 16 
2 11 13 5 30 17 
2 11 13 5 30 18 
2 11 13 5 30 19 
2 11 13 7 25 14 
2 11 13 7 25 15 
2 11 13 7 25 16 
2 11 13 7 25 17 
2 11 13 7 25 18 
2 11 13 7 25 19 
2 11 13 7 30 14 
2 11 13 7 30 15 
2 11 13 7 30 16 
2 11 13 7 30 17 
2 11 13 7 30 18 
2 11 13 7 30 19 
2 11 13 14 25 15 
2 11 13 14 25 16 
2 11 13 14 25 17 
2 11 13 14 25 18 
2 11 13 14 25 19 
2 11 13 14 30 15 
2 11 13 14 30 16 
2 11 13 14 30 17 
2 11 13 14 30 18 
2 11 13 14 30 19 
2 11 13 17 25 14 
2 11 13 17 25 15 
2 11 13 17 25 16 
2 11 13 17 25 18 
2 11 13 17 25 19 
2 11 13 17 30 14 
2 11 13 17 30 15 
2 11 13 17 30 16 
2 11 13 17 30 18 
2 11 13 17 30 19 
2 11 13 19 25 14 
2 11 13 19 25 15 
2 11 13 19 25 16 
2 11 13 19 25 17 
2 11 13 19 25 18 
2 11 13 19 30 14 
2 11 13 19 30 15 
2 11 13 19 30 16 
2 11 13 19 30 17 
2 11 13 19 30 18 
2 14 9 8 20 4 
2 14 9 8 20 5 
2 14 9 8 20 6 
2 14 9 8 20 7 
2 14 9 12 20 4 
2 14 9 12 20 5 
2 14 9 12 20 6 
2 14 9 12 20 7 
2 14 9 12 20 8 
2 14 9 13 20 4 
2 14 9 13 20 5 
2 14 9 13 20 6 
2 14 9 13 20 7 
2 14 9 13 20 8 
2 14 9 15 20 4 
2 14 9 15 20 5 
2 14 9 15 20 6 
2 14 9 15 20 7 
2 14 9 15 20 8 
2 14 10 8 20 4 
2 14 10 8 20 5 
2 14 10 8 20 6 
2 14 10 8 20 7 
2 14 10 8 21 4 
2 14 10 8 21 5 
2 14 10 8 21 6 
2 14 10 8 21 7 
2 14 10 8 25 4 
2 14 10 8 25 5 
2 14 10 8 25 6 
2 14 10 8 25 7 
2 14 10 8 26 4 
2 14 10 8 26 5 
2 14 10 8 26 6 
2 14 10 8 26 7 
2 14 10 12 20 4 
2 14 10 12 20 5 
2 14 10 12 20 6 
2 14 10 12 20 7 
2 14 10 12 20 8 
2 14 10 12 21 4 
2 14 10 12 21 5 
2 14 10 12 21 6 
2 14 10 12 21 7 
2 14 10 12 21 8 
2 14 10 12 25 4 
2 14 10 12 25 5 
2 14 10 12 25 6 
2 14 10 12 25 7 
2 14 10 12 25 8 
2 14 10 12 26 4 
2 14 10 12 26 5 
2 14 10 12 26 6 
2 14 10 12 26 7 
2 14 10 12 26 8 
2 14 10 13 20 4 
2 14 10 13 20 5 
2 14 10 13 20 6 
2 14 10 13 20 7 
2 14 10 13 20 8 
2 14 10 13 21 4 
2 14 10 13 21 5 
2 14 10 13 21 6 
2 14 10 13 21 7 
2 14 10 13 21 8 
2 14 10 13 25 4 
2 14 10 13 25 5 
2 14 10 13 25 6 
2 14 10 13 25 7 
2 14 10 13 25 8 
2 14 10 13 26 4 
2 14 10 13 26 5 
2 14 10 13 26 6 
2 14 10 13 26 7 
2 14 10 13 26 8 
2 14 10 15 20 4 
2 14 10 15 20 5 
2 14 10 15 20 6 
2 14 10 15 20 7 
2 14 10 15 20 8 
2 14 10 15 21 4 
2 14 10 15 21 5 
2 14 10 15 21 6 
2 14 10 15 21 7 
2 14 10 15 21 8 
2 14 10 15 25 4 
2 14 10 15 25 5 
2 14 10 15 25 6 
2 14 10 15 25 7 
2 14 10 15 25 8 
2 14 10 15 26 4 
2 14 10 15 26 5 
2 14 10 15 26 6 
2 14 10 15 26 7 
2 14 10 15 26 8 
2 14 11 8 28 9 
2 14 11 8 28 10 
2 14 11 8 28 12 
2 14 11 8 28 13 
2 14 11 8 30 9 
2 14 11 8 30 10 
2 14 11 8 30 12 
2 14 11 8 30 13 
2 14 11 12 28 9 
2 14 11 12 28 10 
2 14 11 12 28 13 
2 14 11 12 30 9 
2 14 11 12 30 10 
2 14 11 12 30 13 
2 14 11 13 28 9 
2 14 11 13 28 10 
2 14 11 13 28 12 
2 14 11 13 30 9 
2 14 11 13 30 10 
2 14 11 13 30 12 
2 14 11 15 28 9 
2 14 11 15 28 10 
2 14 11 15 28 12 
2 14 11 15 28 13 
2 14 11 15 30 9 
2 14 11 15 30 10 
2 14 11 15 30 12 
2 14 11 15 30 13 
2 14 12 8 28 15 
2 14 12 8 28 16 
2 14 12 8 28 17 
2 14 12 8 28 18 
2 14 12 8 28 19 
2 14 12 8 30 15 
2 14 12 8 30 16 
2 14 12 8 30 17 
2 14 12 8 30 18 
2 14 12 8 30 19 
2 14 12 13 28 15 
2 14 12 13 28 16 
2 14 12 13 28 17 
2 14 12 13 28 18 
2 14 12 13 28 19 
2 14 12 13 30 15 
2 14 12 13 30 16 
2 14 12 13 30 17 
2 14 12 13 30 18 
2 14 12 13 30 19 
2 14 12 15 28 16 
2 14 12 15 28 17 
2 14 12 15 28 18 
2 14 12 15 28 19 
2 14 12 15 30 16 
2 14 12 15 30 17 
2 14 12 15 30 18 
2 14 12 15 30 19 
2 14 13 8 23 15 
2 14 13 8 23 16 
2 14 13 8 23 17 
2 14 13 8 23 18 
2 14 13 8 23 19 
2 14 13 8 27 15 
2 14 13 8 27 16 
2 14 13 8 27 17 
2 14 13 8 27 18 
2 14 13 8 27 19 
2 14 13 8 29 15 
2 14 13 8 29 16 
2 14 13 8 29 17 
2 14 13 8 29 18 
2 14 13 8 29 19 
2 14 13 12 23 15 
2 14 13 12 23 16 
2 14 13 12 23 17 
2 14 13 12 23 18 
2 14 13 12 23 19 
2 14 13 12 27 15 
2 14 13 12 27 16 
2 14 13 12 27 17 
2 14 13 12 27 18 
2 14 13 12 27 19 
2 14 13 12 29 15 
2 14 13 12 29 16 
2 14 13 12 29 17 
2 14 13 12 29 18 
2 14 13 12 29 19 
2 14 13 15 23 16 
2 14 13 15 23 17 
2 14 13 15 23 18 
2 14 13 15 23 19 
2 14 13 15 27 16 
2 14 13 15 27 17 
2 14 13 15 27 18 
2 14 13 15 27 19 
2 14 13 15 29 16 
2 14 13 15 29 17 
2 14 13 15 29 18 
2 14 13 15 29 19 
2 17 9 8 23 4 
2 17 9 8 23 5 
2 17 9 8 23 6 
2 17 9 8 23 7 
2 17 9 8 24 4 
2 17 9 8 24 5 
2 17 9 8 24 6 
2 17 9 8 24 7 
2 17 9 12 23 4 
2 17 9 12 23 5 
2 17 9 12 23 6 
2 17 9 12 23 7 
2 17 9 12 23 8 
2 17 9 12 24 4 
2 17 9 12 24 5 
2 17 9 12 24 6 
2 17 9 12 24 7 
2 17 9 12 24 8 
2 17 9 13 23 4 
2 17 9 13 23 5 
2 17 9 13 23 6 
2 17 9 13 23 7 
2 17 9 13 23 8 
2 17 9 13 24 4 
2 17 9 13 24 5 
2 17 9 13 24 6 
2 17 9 13 24 7 
2 17 9 13 24 8 
2 17 9 15 23 4 
2 17 9 15 23 5 
2 17 9 15 23 6 
2 17 9 15 23 7 
2 17 9 15 23 8 
2 17 9 15 24 4 
2 17 9 15 24 5 
2 17 9 15 24 6 
2 17 9 15 24 7 
2 17 9 15 24 8 
2 17 10 8 28 4 
2 17 10 8 28 5 
2 17 10 8 28 6 
2 17 10 8 28 7 
2 17 10 8 32 4 
2 17 10 8 32 5 
2 17 10 8 32 6 
2 17 10 8 32 7 
2 17 10 8 33 4 
2 17 10 8 33 5 
2 17 10 8 33 6 
2 17 10 8 33 7 
2 17 10 8 34 4 
2 17 10 8 34 5 
2 17 10 8 34 6 
2 17 10 8 34 7 
2 17 10 12 28 4 
2 17 10 12 28 5 
2 17 10 12 28 6 
2 17 10 12 28 7 
2 17 10 12 28 8 
2 17 10 12 32 4 
2 17 10 12 32 5 
2 17 10 12 32 6 
2 17 10 12 32 7 
2 17 10 12 32 8 
2 17 10 12 33 4 
2 17 10 12 33 5 
2 17 10 12 33 6 
2 17 10 12 33 7 
2 17 10 12 33 8 
2 17 10 12 34 4 
2 17 10 12 34 5 
2 17 10 12 34 6 
2 17 10 12 34 7 
2 17 10 12 34 8 
2 17 10 13 28 4 
2 17 10 13 28 5 
2 17 10 13 28 6 
2 17 10 13 28 7 
2 17 10 13 28 8 
2 17 10 13 32 4 
2 17 10 13 32 5 
2 17 10 13 32 6 
2 17 10 13 32 7 
2 17 10 13 32 8 
2 17 10 13 33 4 
2 17 10 13 33 5 
2 17 10 13 33 6 
2 17 10 13 33 7 
2 17 10 13 33 8 
2 17 10 13 34 4 
2 17 10 13 34 5 
2 17 10 13 34 6 
2 17 10 13 34 7 
2 17 10 13 34 8 
2 17 10 15 28 4 
2 17 10 15 28 5 
2 17 10 15 28 6 
2 17 10 15 28 7 
2 17 10 15 28 8 
2 17 10 15 32 4 
2 17 10 15 32 5 
2 17 10 15 32 6 
2 17 10 15 32 7 
2 17 10 15 32 8 
2 17 10 15 33 4 
2 17 10 15 33 5 
2 17 10 15 33 6 
2 17 10 15 33 7 
2 17 10 15 33 8 
2 17 10 15 34 4 
2 17 10 15 34 5 
2 17 10 15 34 6 
2 17 10 15 34 7 
2 17 10 15 34 8 
2 17 11 8 23 9 
2 17 11 8 23 10 
2 17 11 8 23 12 
2 17 11 8 23 13 
2 17 11 8 33 9 
2 17 11 8 33 10 
2 17 11 8 33 12 
2 17 11 8 33 13 
2 17 11 12 23 9 
2 17 11 12 23 10 
2 17 11 12 23 13 
2 17 11 12 33 9 
2 17 11 12 33 10 
2 17 11 12 33 13 
2 17 11 13 23 9 
2 17 11 13 23 10 
2 17 11 13 23 12 
2 17 11 13 33 9 
2 17 11 13 33 10 
2 17 11 13 33 12 
2 17 11 15 23 9 
2 17 11 15 23 10 
2 17 11 15 23 12 
2 17 11 15 23 13 
2 17 11 15 33 9 
2 17 11 15 33 10 
2 17 11 15 33 12 
2 17 11 15 33 13 
2 17 12 8 23 14 
2 17 12 8 23 15 
2 17 12 8 23 16 
2 17 12 8 23 18 
2 17 12 8 23 19 
2 17 12 8 33 14 
2 17 12 8 33 15 
2 17 12 8 33 16 
2 17 12 8 33 18 
2 17 12 8 33 19 
2 17 12 13 23 14 
2 17 12 13 23 15 
2 17 12 13 23 16 
2 17 12 13 23 18 
2 17 12 13 23 19 
2 17 12 13 33 14 
2 17 12 13 33 15 
2 17 12 13 33 16 
2 17 12 13 33 18 
2 17 12 13 33 19 
2 17 12 15 23 14 
2 17 12 15 23 16 
2 17 12 15 23 18 
2 17 12 15 23 19 
2 17 12 15 33 14 
2 17 12 15 33 16 
2 17 12 15 33 18 
2 17 12 15 33 19 
2 17 13 8 25 14 
2 17 13 8 25 15 
2 17 13 8 25 16 
2 17 13 8 25 18 
2 17 13 8 25 19 
2 17 13 8 30 14 
2 17 13 8 30 15 
2 17 13 8 30 16 
2 17 13 8 30 18 
2 17 13 8 30 19 
2 17 13 12 25 14 
2 17 13 12 25 15 
2 17 13 12 25 16 
2 17 13 12 25 18 
2 17 13 12 25 19 
2 17 13 12 30 14 
2 17 13 12 30 15 
2 17 13 12 30 16 
2 17 13 12 30 18 
2 17 13 12 30 19 
2 17 13 15 25 14 
2 17 13 15 25 16 
2 17 13 15 25 18 
2 17 13 15 25 19 
2 17 13 15 30 14 
2 17 13 15 30 16 
2 17 13 15 30 18 
2 17 13 15 30 19 
2 19 9 8 28 4 
2 19 9 8 28 5 
2 19 9 8 28 6 
2 19 9 8 28 7 
2 19 9 8 29 4 
2 19 9 8 29 5 
2 19 9 8 29 6 
2 19 9 8 29 7 
2 19 9 8 30 4 
2 19 9 8 30 5 
2 19 9 8 30 6 
2 19 9 8 30 7 
2 19 9 8 31 4 
2 19 9 8 31 5 
2 19 9 8 31 6 
2 19 9 8 31 7 
2 19 9 12 28 4 
2 19 9 12 28 5 
2 19 9 12 28 6 
2 19 9 12 28 7 
2 19 9 12 28 8 
2 19 9 12 29 4 
2 19 9 12 29 5 
2 19 9 12 29 6 
2 19 9 12 29 7 
2 19 9 12 29 8 
2 19 9 12 30 4 
2 19 9 12 30 5 
2 19 9 12 30 6 
2 19 9 12 30 7 
2 19 9 12 30 8 
2 19 9 12 31 4 
2 19 9 12 31 5 
2 19 9 12 31 6 
2 19 9 12 31 7 
2 19 9 12 31 8 
2 19 9 13 28 4 
2 19 9 13 28 5 
2 19 9 13 28 6 
2 19 9 13 28 7 
2 19 9 13 28 8 
2 19 9 13 29 4 
2 19 9 13 29 5 
2 19 9 13 29 6 
2 19 9 13 29 7 
2 19 9 13 29 8 
2 19 9 13 30 4 
2 19 9 13 30 5 
2 19 9 13 30 6 
2 19 9 13 30 7 
2 19 9 13 30 8 
2 19 9 13 31 4 
2 19 9 13 31 5 
2 19 9 13 31 6 
2 19 9 13 31 7 
2 19 9 13 31 8 
2 19 9 15 28 4 
2 19 9 15 28 5 
2 19 9 15 28 6 
2 19 9 15 28 7 
2 19 9 15 28 8 
2 19 9 15 29 4 
2 19 9 15 29 5 
2 19 9 15 29 6 
2 19 9 15 29 7 
2 19 9 15 29 8 
2 19 9 15 30 4 
2 19 9 15 30 5 
2 19 9 15 30 6 
2 19 9 15 30 7 
2 19 9 15 30 8 
2 19 9 15 31 4 
2 19 9 15 31 5 
2 19 9 15 31 6 
2 19 9 15 31 7 
2 19 9 15 31 8 
2 19 10 8 22 4 
2 19 10 8 22 5 
2 19 10 8 22 6 
2 19 10 8 22 7 
2 19 10 8 35 4 
2 19 10 8 35 5 
2 19 10 8 35 6 
2 19 10 8 35 7 
2 19 10 12 22 4 
2 19 10 12 22 5 
2 19 10 12 22 6 
2 19 10 12 22 7 
2 19 10 12 22 8 
2 19 10 12 35 4 
2 19 10 12 35 5 
2 19 10 12 35 6 
2 19 10 12 35 7 
2 19 10 12 35 8 
2 19 10 13 22 4 
2 19 10 13 22 5 
2 19 10 13 22 6 
2 19 10 13 22 7 
2 19 10 13 22 8 
2 19 10 13 35 4 
2 19 10 13 35 5 
2 19 10 13 35 6 
2 19 10 13 35 7 
2 19 10 13 35 8 
2 19 10 15 22 4 
2 19 10 15 22 5 
2 19 10 15 22 6 
2 19 10 15 22 7 
2 19 10 15 22 8 
2 19 10 15 35 4 
2 19 10 15 35 5 
2 19 10 15 35 6 
2 19 10 15 35 7 
2 19 10 15 35 8 
2 19 11 8 33 9 
2 19 11 8 33 10 
2 19 11 8 33 12 
2 19 11 8 33 13 
2 19 11 8 35 9 
2 19 11 8 35 10 
2 19 11 8 35 12 
2 19 11 8 35 13 
2 19 11 12 33 9 
2 19 11 12 33 10 
2 19 11 12 33 13 
2 19 11 12 35 9 
2 19 11 12 35 10 
2 19 11 12 35 13 
2 19 11 13 33 9 
2 19 11 13 33 10 
2 19 11 13 33 12 
2 19 11 13 35 9 
2 19 11 13 35 10 
2 19 11 13 35 12 
2 19 11 15 33 9 
2 19 11 15 33 10 
2 19 11 15 33 12 
2 19 11 15 33 13 
2 19 11 15 35 9 
2 19 11 15 35 10 
2 19 11 15 35 12 
2 19 11 15 35 13 
2 19 12 8 33 14 
2 19 12 8 33 15 
2 19 12 8 33 16 
2 19 12 8 33 17 
2 19 12 8 33 18 
2 19 12 8 35 14 
2 19 12 8 35 15 
2 19 12 8 35 16 
2 19 12 8 35 17 
2 19 12 8 35 18 
2 19 12 13 33 14 
2 19 12 13 33 15 
2 19 12 13 33 16 
2 19 12 13 33 17 
2 19 12 13 33 18 
2 19 12 13 35 14 
2 19 12 13 35 15 
2 19 12 13 35 16 
2 19 12 13 35 17 
2 19 12 13 35 18 
2 19 12 15 33 14 
2 19 12 15 33 16 
2 19 12 15 33 17 
2 19 12 15 33 18 
2 19 12 15 35 14 
2 19 12 15 35 16 
2 19 12 15 35 17 
2 19 12 15 35 18 
2 19 13 8 24 14 
2 19 13 8 24 15 
2 19 13 8 24 16 
2 19 13 8 24 17 
2 19 13 8 24 18 
2 19 13 8 31 14 
2 19 13 8 31 15 
2 19 13 8 31 16 
2 19 13 8 31 17 
2 19 13 8 31 18 
2 19 13 8 34 14 
2 19 13 8 34 15 
2 19 13 8 34 16 
2 19 13 8 34 17 
2 19 13 8 34 18 
2 19 13 12 24 14 
2 19 13 12 24 15 
2 19 13 12 24 16 
2 19 13 12 24 17 
2 19 13 12 24 18 
2 19 13 12 31 14 
2 19 13 12 31 15 
2 19 13 12 31 16 
2 19 13 12 31 17 
2 19 13 12 31 18 
2 19 13 12 34 14 
2 19 13 12 34 15 
2 19 13 12 34 16 
2 19 13 12 34 17 
2 19 13 12 34 18 
2 19 13 15 24 14 
2 19 13 15 24 16 
2 19 13 15 24 17 
2 19 13 15 24 18 
2 19 13 15 31 14 
2 19 13 15 31 16 
2 19 13 15 31 17 
2 19 13 15 31 18 
2 19 13 15 34 14 
2 19 13 15 34 16 
2 19 13 15 34 17 
2 19 13 15 34 18 
