6
2
0
1
1
1 4 14 6 23 9 
1 4 14 6 23 10 
1 4 14 6 23 11 
1 4 14 6 23 12 
1 4 14 6 23 13 
1 4 14 6 24 9 
1 4 14 6 24 10 
1 4 14 6 24 11 
1 4 14 6 24 12 
1 4 14 6 24 13 
1 4 14 9 23 10 
1 4 14 9 23 11 
1 4 14 9 23 12 
1 4 14 9 23 13 
1 4 14 9 24 10 
1 4 14 9 24 11 
1 4 14 9 24 12 
1 4 14 9 24 13 
1 4 14 10 23 9 
1 4 14 10 23 11 
1 4 14 10 23 12 
1 4 14 10 23 13 
1 4 14 10 24 9 
1 4 14 10 24 11 
1 4 14 10 24 12 
1 4 14 10 24 13 
1 4 14 16 23 9 
1 4 14 16 23 10 
1 4 14 16 23 11 
1 4 14 16 23 12 
1 4 14 16 23 13 
1 4 14 16 24 9 
1 4 14 16 24 10 
1 4 14 16 24 11 
1 4 14 16 24 12 
1 4 14 16 24 13 
1 4 14 18 23 9 
1 4 14 18 23 10 
1 4 14 18 23 11 
1 4 14 18 23 12 
1 4 14 18 23 13 
1 4 14 18 24 9 
1 4 14 18 24 10 
1 4 14 18 24 11 
1 4 14 18 24 12 
1 4 14 18 24 13 
1 4 15 6 23 14 
1 4 15 6 23 16 
1 4 15 6 23 17 
1 4 15 6 23 18 
1 4 15 6 23 19 
1 4 15 6 24 14 
1 4 15 6 24 16 
1 4 15 6 24 17 
1 4 15 6 24 18 
1 4 15 6 24 19 
1 4 15 9 23 14 
1 4 15 9 23 16 
1 4 15 9 23 17 
1 4 15 9 23 18 
1 4 15 9 23 19 
1 4 15 9 24 14 
1 4 15 9 24 16 
1 4 15 9 24 17 
1 4 15 9 24 18 
1 4 15 9 24 19 
1 4 15 10 23 14 
1 4 15 10 23 16 
1 4 15 10 23 17 
1 4 15 10 23 18 
1 4 15 10 23 19 
1 4 15 10 24 14 
1 4 15 10 24 16 
1 4 15 10 24 17 
1 4 15 10 24 18 
1 4 15 10 24 19 
1 4 15 16 23 14 
1 4 15 16 23 17 
1 4 15 16 23 18 
1 4 15 16 23 19 
1 4 15 16 24 14 
1 4 15 16 24 17 
1 4 15 16 24 18 
1 4 15 16 24 19 
1 4 15 18 23 14 
1 4 15 18 23 16 
1 4 15 18 23 17 
1 4 15 18 23 19 
1 4 15 18 24 14 
1 4 15 18 24 16 
1 4 15 18 24 17 
1 4 15 18 24 19 
1 4 16 6 28 5 
1 4 16 6 28 7 
1 4 16 6 28 8 
1 4 16 6 32 5 
1 4 16 6 32 7 
1 4 16 6 32 8 
1 4 16 6 33 5 
1 4 16 6 33 7 
1 4 16 6 33 8 
1 4 16 6 34 5 
1 4 16 6 34 7 
1 4 16 6 34 8 
1 4 16 9 28 5 
1 4 16 9 28 6 
1 4 16 9 28 7 
1 4 16 9 28 8 
1 4 16 9 32 5 
1 4 16 9 32 6 
1 4 16 9 32 7 
1 4 16 9 32 8 
1 4 16 9 33 5 
1 4 16 9 33 6 
1 4 16 9 33 7 
1 4 16 9 33 8 
1 4 16 9 34 5 
1 4 16 9 34 6 
1 4 16 9 34 7 
1 4 16 9 34 8 
1 4 16 10 28 5 
1 4 16 10 28 6 
1 4 16 10 28 7 
1 4 16 10 28 8 
1 4 16 10 32 5 
1 4 16 10 32 6 
1 4 16 10 32 7 
1 4 16 10 32 8 
1 4 16 10 33 5 
1 4 16 10 33 6 
1 4 16 10 33 7 
1 4 16 10 33 8 
1 4 16 10 34 5 
1 4 16 10 34 6 
1 4 16 10 34 7 
1 4 16 10 34 8 
1 4 16 18 28 5 
1 4 16 18 28 6 
1 4 16 18 28 7 
1 4 16 18 28 8 
1 4 16 18 32 5 
1 4 16 18 32 6 
1 4 16 18 32 7 
1 4 16 18 32 8 
1 4 16 18 33 5 
1 4 16 18 33 6 
1 4 16 18 33 7 
1 4 16 18 33 8 
1 4 16 18 34 5 
1 4 16 18 34 6 
1 4 16 18 34 7 
1 4 16 18 34 8 
1 4 17 6 23 9 
1 4 17 6 23 10 
1 4 17 6 23 11 
1 4 17 6 23 12 
1 4 17 6 23 13 
1 4 17 6 33 9 
1 4 17 6 33 10 
1 4 17 6 33 11 
1 4 17 6 33 12 
1 4 17 6 33 13 
1 4 17 9 23 10 
1 4 17 9 23 11 
1 4 17 9 23 12 
1 4 17 9 23 13 
1 4 17 9 33 10 
1 4 17 9 33 11 
1 4 17 9 33 12 
1 4 17 9 33 13 
1 4 17 10 23 9 
1 4 17 10 23 11 
1 4 17 10 23 12 
1 4 17 10 23 13 
1 4 17 10 33 9 
1 4 17 10 33 11 
1 4 17 10 33 12 
1 4 17 10 33 13 
1 4 17 16 23 9 
1 4 17 16 23 10 
1 4 17 16 23 11 
1 4 17 16 23 12 
1 4 17 16 23 13 
1 4 17 16 33 9 
1 4 17 16 33 10 
1 4 17 16 33 11 
1 4 17 16 33 12 
1 4 17 16 33 13 
1 4 17 18 23 9 
1 4 17 18 23 10 
1 4 17 18 23 11 
1 4 17 18 23 12 
1 4 17 18 23 13 
1 4 17 18 33 9 
1 4 17 18 33 10 
1 4 17 18 33 11 
1 4 17 18 33 12 
1 4 17 18 33 13 
1 4 18 6 25 5 
1 4 18 6 25 7 
1 4 18 6 25 8 
1 4 18 6 30 5 
1 4 18 6 30 7 
1 4 18 6 30 8 
1 4 18 9 25 5 
1 4 18 9 25 6 
1 4 18 9 25 7 
1 4 18 9 25 8 
1 4 18 9 30 5 
1 4 18 9 30 6 
1 4 18 9 30 7 
1 4 18 9 30 8 
1 4 18 10 25 5 
1 4 18 10 25 6 
1 4 18 10 25 7 
1 4 18 10 25 8 
1 4 18 10 30 5 
1 4 18 10 30 6 
1 4 18 10 30 7 
1 4 18 10 30 8 
1 4 18 16 25 5 
1 4 18 16 25 6 
1 4 18 16 25 7 
1 4 18 16 25 8 
1 4 18 16 30 5 
1 4 18 16 30 6 
1 4 18 16 30 7 
1 4 18 16 30 8 
1 4 19 6 35 9 
1 4 19 6 35 10 
1 4 19 6 35 11 
1 4 19 6 35 12 
1 4 19 6 35 13 
1 4 19 9 35 10 
1 4 19 9 35 11 
1 4 19 9 35 12 
1 4 19 9 35 13 
1 4 19 10 35 9 
1 4 19 10 35 11 
1 4 19 10 35 12 
1 4 19 10 35 13 
1 4 19 16 35 9 
1 4 19 16 35 10 
1 4 19 16 35 11 
1 4 19 16 35 12 
1 4 19 16 35 13 
1 4 19 18 35 9 
1 4 19 18 35 10 
1 4 19 18 35 11 
1 4 19 18 35 12 
1 4 19 18 35 13 
1 6 14 4 28 9 
1 6 14 4 28 10 
1 6 14 4 28 11 
1 6 14 4 28 12 
1 6 14 4 28 13 
1 6 14 4 29 9 
1 6 14 4 29 10 
1 6 14 4 29 11 
1 6 14 4 29 12 
1 6 14 4 29 13 
1 6 14 4 30 9 
1 6 14 4 30 10 
1 6 14 4 30 11 
1 6 14 4 30 12 
1 6 14 4 30 13 
1 6 14 4 31 9 
1 6 14 4 31 10 
1 6 14 4 31 11 
1 6 14 4 31 12 
1 6 14 4 31 13 
1 6 14 9 28 10 
1 6 14 9 28 11 
1 6 14 9 28 12 
1 6 14 9 28 13 
1 6 14 9 29 10 
1 6 14 9 29 11 
1 6 14 9 29 12 
1 6 14 9 29 13 
1 6 14 9 30 10 
1 6 14 9 30 11 
1 6 14 9 30 12 
1 6 14 9 30 13 
1 6 14 9 31 10 
1 6 14 9 31 11 
1 6 14 9 31 12 
1 6 14 9 31 13 
1 6 14 10 28 9 
1 6 14 10 28 11 
1 6 14 10 28 12 
1 6 14 10 28 13 
1 6 14 10 29 9 
1 6 14 10 29 11 
1 6 14 10 29 12 
1 6 14 10 29 13 
1 6 14 10 30 9 
1 6 14 10 30 11 
1 6 14 10 30 12 
1 6 14 10 30 13 
1 6 14 10 31 9 
1 6 14 10 31 11 
1 6 14 10 31 12 
1 6 14 10 31 13 
1 6 14 16 28 9 
1 6 14 16 28 10 
1 6 14 16 28 11 
1 6 14 16 28 12 
1 6 14 16 28 13 
1 6 14 16 29 9 
1 6 14 16 29 10 
1 6 14 16 29 11 
1 6 14 16 29 12 
1 6 14 16 29 13 
1 6 14 16 30 9 
1 6 14 16 30 10 
1 6 14 16 30 11 
1 6 14 16 30 12 
1 6 14 16 30 13 
1 6 14 16 31 9 
1 6 14 16 31 10 
1 6 14 16 31 11 
1 6 14 16 31 12 
1 6 14 16 31 13 
1 6 14 18 28 9 
1 6 14 18 28 10 
1 6 14 18 28 11 
1 6 14 18 28 12 
1 6 14 18 28 13 
1 6 14 18 29 9 
1 6 14 18 29 10 
1 6 14 18 29 11 
1 6 14 18 29 12 
1 6 14 18 29 13 
1 6 14 18 30 9 
1 6 14 18 30 10 
1 6 14 18 30 11 
1 6 14 18 30 12 
1 6 14 18 30 13 
1 6 14 18 31 9 
1 6 14 18 31 10 
1 6 14 18 31 11 
1 6 14 18 31 12 
1 6 14 18 31 13 
1 6 15 4 28 14 
1 6 15 4 28 16 
1 6 15 4 28 17 
1 6 15 4 28 18 
1 6 15 4 28 19 
1 6 15 4 29 14 
1 6 15 4 29 16 
1 6 15 4 29 17 
1 6 15 4 29 18 
1 6 15 4 29 19 
1 6 15 4 30 14 
1 6 15 4 30 16 
1 6 15 4 30 17 
1 6 15 4 30 18 
1 6 15 4 30 19 
1 6 15 4 31 14 
1 6 15 4 31 16 
1 6 15 4 31 17 
1 6 15 4 31 18 
1 6 15 4 31 19 
1 6 15 9 28 14 
1 6 15 9 28 16 
1 6 15 9 28 17 
1 6 15 9 28 18 
1 6 15 9 28 19 
1 6 15 9 29 14 
1 6 15 9 29 16 
1 6 15 9 29 17 
1 6 15 9 29 18 
1 6 15 9 29 19 
1 6 15 9 30 14 
1 6 15 9 30 16 
1 6 15 9 30 17 
1 6 15 9 30 18 
1 6 15 9 30 19 
1 6 15 9 31 14 
1 6 15 9 31 16 
1 6 15 9 31 17 
1 6 15 9 31 18 
1 6 15 9 31 19 
1 6 15 10 28 14 
1 6 15 10 28 16 
1 6 15 10 28 17 
1 6 15 10 28 18 
1 6 15 10 28 19 
1 6 15 10 29 14 
1 6 15 10 29 16 
1 6 15 10 29 17 
1 6 15 10 29 18 
1 6 15 10 29 19 
1 6 15 10 30 14 
1 6 15 10 30 16 
1 6 15 10 30 17 
1 6 15 10 30 18 
1 6 15 10 30 19 
1 6 15 10 31 14 
1 6 15 10 31 16 
1 6 15 10 31 17 
1 6 15 10 31 18 
1 6 15 10 31 19 
1 6 15 16 28 14 
1 6 15 16 28 17 
1 6 15 16 28 18 
1 6 15 16 28 19 
1 6 15 16 29 14 
1 6 15 16 29 17 
1 6 15 16 29 18 
1 6 15 16 29 19 
1 6 15 16 30 14 
1 6 15 16 30 17 
1 6 15 16 30 18 
1 6 15 16 30 19 
1 6 15 16 31 14 
1 6 15 16 31 17 
1 6 15 16 31 18 
1 6 15 16 31 19 
1 6 15 18 28 14 
1 6 15 18 28 16 
1 6 15 18 28 17 
1 6 15 18 28 19 
1 6 15 18 29 14 
1 6 15 18 29 16 
1 6 15 18 29 17 
1 6 15 18 29 19 
1 6 15 18 30 14 
1 6 15 18 30 16 
1 6 15 18 30 17 
1 6 15 18 30 19 
1 6 15 18 31 14 
1 6 15 18 31 16 
1 6 15 18 31 17 
1 6 15 18 31 19 
1 6 16 4 22 5 
1 6 16 4 22 7 
1 6 16 4 22 8 
1 6 16 4 35 5 
1 6 16 4 35 7 
1 6 16 4 35 8 
1 6 16 9 22 4 
1 6 16 9 22 5 
1 6 16 9 22 7 
1 6 16 9 22 8 
1 6 16 9 35 4 
1 6 16 9 35 5 
1 6 16 9 35 7 
1 6 16 9 35 8 
1 6 16 10 22 4 
1 6 16 10 22 5 
1 6 16 10 22 7 
1 6 16 10 22 8 
1 6 16 10 35 4 
1 6 16 10 35 5 
1 6 16 10 35 7 
1 6 16 10 35 8 
1 6 16 18 22 4 
1 6 16 18 22 5 
1 6 16 18 22 7 
1 6 16 18 22 8 
1 6 16 18 35 4 
1 6 16 18 35 5 
1 6 16 18 35 7 
1 6 16 18 35 8 
1 6 17 4 33 9 
1 6 17 4 33 10 
1 6 17 4 33 11 
1 6 17 4 33 12 
1 6 17 4 33 13 
1 6 17 4 35 9 
1 6 17 4 35 10 
1 6 17 4 35 11 
1 6 17 4 35 12 
1 6 17 4 35 13 
1 6 17 9 33 10 
1 6 17 9 33 11 
1 6 17 9 33 12 
1 6 17 9 33 13 
1 6 17 9 35 10 
1 6 17 9 35 11 
1 6 17 9 35 12 
1 6 17 9 35 13 
1 6 17 10 33 9 
1 6 17 10 33 11 
1 6 17 10 33 12 
1 6 17 10 33 13 
1 6 17 10 35 9 
1 6 17 10 35 11 
1 6 17 10 35 12 
1 6 17 10 35 13 
1 6 17 16 33 9 
1 6 17 16 33 10 
1 6 17 16 33 11 
1 6 17 16 33 12 
1 6 17 16 33 13 
1 6 17 16 35 9 
1 6 17 16 35 10 
1 6 17 16 35 11 
1 6 17 16 35 12 
1 6 17 16 35 13 
1 6 17 18 33 9 
1 6 17 18 33 10 
1 6 17 18 33 11 
1 6 17 18 33 12 
1 6 17 18 33 13 
1 6 17 18 35 9 
1 6 17 18 35 10 
1 6 17 18 35 11 
1 6 17 18 35 12 
1 6 17 18 35 13 
1 6 18 4 24 5 
1 6 18 4 24 7 
1 6 18 4 24 8 
1 6 18 4 31 5 
1 6 18 4 31 7 
1 6 18 4 31 8 
1 6 18 4 34 5 
1 6 18 4 34 7 
1 6 18 4 34 8 
1 6 18 9 24 4 
1 6 18 9 24 5 
1 6 18 9 24 7 
1 6 18 9 24 8 
1 6 18 9 31 4 
1 6 18 9 31 5 
1 6 18 9 31 7 
1 6 18 9 31 8 
1 6 18 9 34 4 
1 6 18 9 34 5 
1 6 18 9 34 7 
1 6 18 9 34 8 
1 6 18 10 24 4 
1 6 18 10 24 5 
1 6 18 10 24 7 
1 6 18 10 24 8 
1 6 18 10 31 4 
1 6 18 10 31 5 
1 6 18 10 31 7 
1 6 18 10 31 8 
1 6 18 10 34 4 
1 6 18 10 34 5 
1 6 18 10 34 7 
1 6 18 10 34 8 
1 6 18 16 24 4 
1 6 18 16 24 5 
1 6 18 16 24 7 
1 6 18 16 24 8 
1 6 18 16 31 4 
1 6 18 16 31 5 
1 6 18 16 31 7 
1 6 18 16 31 8 
1 6 18 16 34 4 
1 6 18 16 34 5 
1 6 18 16 34 7 
1 6 18 16 34 8 
1 6 19 4 22 9 
1 6 19 4 22 10 
1 6 19 4 22 11 
1 6 19 4 22 12 
1 6 19 4 22 13 
1 6 19 9 22 10 
1 6 19 9 22 11 
1 6 19 9 22 12 
1 6 19 9 22 13 
1 6 19 10 22 9 
1 6 19 10 22 11 
1 6 19 10 22 12 
1 6 19 10 22 13 
1 6 19 16 22 9 
1 6 19 16 22 10 
1 6 19 16 22 11 
1 6 19 16 22 12 
1 6 19 16 22 13 
1 6 19 18 22 9 
1 6 19 18 22 10 
1 6 19 18 22 11 
1 6 19 18 22 12 
1 6 19 18 22 13 
1 9 14 5 20 10 
1 9 14 5 20 11 
1 9 14 5 20 12 
1 9 14 5 20 13 
1 9 14 7 20 10 
1 9 14 7 20 11 
1 9 14 7 20 12 
1 9 14 7 20 13 
1 9 14 11 20 10 
1 9 14 11 20 12 
1 9 14 11 20 13 
1 9 14 17 20 10 
1 9 14 17 20 11 
1 9 14 17 20 12 
1 9 14 17 20 13 
1 9 14 19 20 10 
1 9 14 19 20 11 
1 9 14 19 20 12 
1 9 14 19 20 13 
1 9 15 5 20 14 
1 9 15 5 20 16 
1 9 15 5 20 17 
1 9 15 5 20 18 
1 9 15 5 20 19 
1 9 15 7 20 14 
1 9 15 7 20 16 
1 9 15 7 20 17 
1 9 15 7 20 18 
1 9 15 7 20 19 
1 9 15 11 20 14 
1 9 15 11 20 16 
1 9 15 11 20 17 
1 9 15 11 20 18 
1 9 15 11 20 19 
1 9 15 14 20 16 
1 9 15 14 20 17 
1 9 15 14 20 18 
1 9 15 14 20 19 
1 9 15 17 20 14 
1 9 15 17 20 16 
1 9 15 17 20 18 
1 9 15 17 20 19 
1 9 15 19 20 14 
1 9 15 19 20 16 
1 9 15 19 20 17 
1 9 15 19 20 18 
1 9 16 5 20 4 
1 9 16 5 20 6 
1 9 16 5 20 7 
1 9 16 5 20 8 
1 9 16 5 21 4 
1 9 16 5 21 6 
1 9 16 5 21 7 
1 9 16 5 21 8 
1 9 16 5 25 4 
1 9 16 5 25 6 
1 9 16 5 25 7 
1 9 16 5 25 8 
1 9 16 5 26 4 
1 9 16 5 26 6 
1 9 16 5 26 7 
1 9 16 5 26 8 
1 9 16 7 20 4 
1 9 16 7 20 5 
1 9 16 7 20 6 
1 9 16 7 20 8 
1 9 16 7 21 4 
1 9 16 7 21 5 
1 9 16 7 21 6 
1 9 16 7 21 8 
1 9 16 7 25 4 
1 9 16 7 25 5 
1 9 16 7 25 6 
1 9 16 7 25 8 
1 9 16 7 26 4 
1 9 16 7 26 5 
1 9 16 7 26 6 
1 9 16 7 26 8 
1 9 16 11 20 4 
1 9 16 11 20 5 
1 9 16 11 20 6 
1 9 16 11 20 7 
1 9 16 11 20 8 
1 9 16 11 21 4 
1 9 16 11 21 5 
1 9 16 11 21 6 
1 9 16 11 21 7 
1 9 16 11 21 8 
1 9 16 11 25 4 
1 9 16 11 25 5 
1 9 16 11 25 6 
1 9 16 11 25 7 
1 9 16 11 25 8 
1 9 16 11 26 4 
1 9 16 11 26 5 
1 9 16 11 26 6 
1 9 16 11 26 7 
1 9 16 11 26 8 
1 9 16 14 20 4 
1 9 16 14 20 5 
1 9 16 14 20 6 
1 9 16 14 20 7 
1 9 16 14 20 8 
1 9 16 14 21 4 
1 9 16 14 21 5 
1 9 16 14 21 6 
1 9 16 14 21 7 
1 9 16 14 21 8 
1 9 16 14 25 4 
1 9 16 14 25 5 
1 9 16 14 25 6 
1 9 16 14 25 7 
1 9 16 14 25 8 
1 9 16 14 26 4 
1 9 16 14 26 5 
1 9 16 14 26 6 
1 9 16 14 26 7 
1 9 16 14 26 8 
1 9 16 17 20 4 
1 9 16 17 20 5 
1 9 16 17 20 6 
1 9 16 17 20 7 
1 9 16 17 20 8 
1 9 16 17 21 4 
1 9 16 17 21 5 
1 9 16 17 21 6 
1 9 16 17 21 7 
1 9 16 17 21 8 
1 9 16 17 25 4 
1 9 16 17 25 5 
1 9 16 17 25 6 
1 9 16 17 25 7 
1 9 16 17 25 8 
1 9 16 17 26 4 
1 9 16 17 26 5 
1 9 16 17 26 6 
1 9 16 17 26 7 
1 9 16 17 26 8 
1 9 16 19 20 4 
1 9 16 19 20 5 
1 9 16 19 20 6 
1 9 16 19 20 7 
1 9 16 19 20 8 
1 9 16 19 21 4 
1 9 16 19 21 5 
1 9 16 19 21 6 
1 9 16 19 21 7 
1 9 16 19 21 8 
1 9 16 19 25 4 
1 9 16 19 25 5 
1 9 16 19 25 6 
1 9 16 19 25 7 
1 9 16 19 25 8 
1 9 16 19 26 4 
1 9 16 19 26 5 
1 9 16 19 26 6 
1 9 16 19 26 7 
1 9 16 19 26 8 
1 9 17 5 28 10 
1 9 17 5 28 11 
1 9 17 5 28 12 
1 9 17 5 28 13 
1 9 17 5 30 10 
1 9 17 5 30 11 
1 9 17 5 30 12 
1 9 17 5 30 13 
1 9 17 7 28 10 
1 9 17 7 28 11 
1 9 17 7 28 12 
1 9 17 7 28 13 
1 9 17 7 30 10 
1 9 17 7 30 11 
1 9 17 7 30 12 
1 9 17 7 30 13 
1 9 17 11 28 10 
1 9 17 11 28 12 
1 9 17 11 28 13 
1 9 17 11 30 10 
1 9 17 11 30 12 
1 9 17 11 30 13 
1 9 17 14 28 10 
1 9 17 14 28 11 
1 9 17 14 28 12 
1 9 17 14 28 13 
1 9 17 14 30 10 
1 9 17 14 30 11 
1 9 17 14 30 12 
1 9 17 14 30 13 
1 9 17 19 28 10 
1 9 17 19 28 11 
1 9 17 19 28 12 
1 9 17 19 28 13 
1 9 17 19 30 10 
1 9 17 19 30 11 
1 9 17 19 30 12 
1 9 17 19 30 13 
1 9 18 5 23 4 
1 9 18 5 23 6 
1 9 18 5 23 7 
1 9 18 5 23 8 
1 9 18 5 27 4 
1 9 18 5 27 6 
1 9 18 5 27 7 
1 9 18 5 27 8 
1 9 18 5 29 4 
1 9 18 5 29 6 
1 9 18 5 29 7 
1 9 18 5 29 8 
1 9 18 7 23 4 
1 9 18 7 23 5 
1 9 18 7 23 6 
1 9 18 7 23 8 
1 9 18 7 27 4 
1 9 18 7 27 5 
1 9 18 7 27 6 
1 9 18 7 27 8 
1 9 18 7 29 4 
1 9 18 7 29 5 
1 9 18 7 29 6 
1 9 18 7 29 8 
1 9 18 11 23 4 
1 9 18 11 23 5 
1 9 18 11 23 6 
1 9 18 11 23 7 
1 9 18 11 23 8 
1 9 18 11 27 4 
1 9 18 11 27 5 
1 9 18 11 27 6 
1 9 18 11 27 7 
1 9 18 11 27 8 
1 9 18 11 29 4 
1 9 18 11 29 5 
1 9 18 11 29 6 
1 9 18 11 29 7 
1 9 18 11 29 8 
1 9 18 14 23 4 
1 9 18 14 23 5 
1 9 18 14 23 6 
1 9 18 14 23 7 
1 9 18 14 23 8 
1 9 18 14 27 4 
1 9 18 14 27 5 
1 9 18 14 27 6 
1 9 18 14 27 7 
1 9 18 14 27 8 
1 9 18 14 29 4 
1 9 18 14 29 5 
1 9 18 14 29 6 
1 9 18 14 29 7 
1 9 18 14 29 8 
1 9 18 17 23 4 
1 9 18 17 23 5 
1 9 18 17 23 6 
1 9 18 17 23 7 
1 9 18 17 23 8 
1 9 18 17 27 4 
1 9 18 17 27 5 
1 9 18 17 27 6 
1 9 18 17 27 7 
1 9 18 17 27 8 
1 9 18 17 29 4 
1 9 18 17 29 5 
1 9 18 17 29 6 
1 9 18 17 29 7 
1 9 18 17 29 8 
1 9 18 19 23 4 
1 9 18 19 23 5 
1 9 18 19 23 6 
1 9 18 19 23 7 
1 9 18 19 23 8 
1 9 18 19 27 4 
1 9 18 19 27 5 
1 9 18 19 27 6 
1 9 18 19 27 7 
1 9 18 19 27 8 
1 9 18 19 29 4 
1 9 18 19 29 5 
1 9 18 19 29 6 
1 9 18 19 29 7 
1 9 18 19 29 8 
1 9 19 5 22 10 
1 9 19 5 22 11 
1 9 19 5 22 12 
1 9 19 5 22 13 
1 9 19 5 24 10 
1 9 19 5 24 11 
1 9 19 5 24 12 
1 9 19 5 24 13 
1 9 19 5 31 10 
1 9 19 5 31 11 
1 9 19 5 31 12 
1 9 19 5 31 13 
1 9 19 7 22 10 
1 9 19 7 22 11 
1 9 19 7 22 12 
1 9 19 7 22 13 
1 9 19 7 24 10 
1 9 19 7 24 11 
1 9 19 7 24 12 
1 9 19 7 24 13 
1 9 19 7 31 10 
1 9 19 7 31 11 
1 9 19 7 31 12 
1 9 19 7 31 13 
1 9 19 11 22 10 
1 9 19 11 22 12 
1 9 19 11 22 13 
1 9 19 11 24 10 
1 9 19 11 24 12 
1 9 19 11 24 13 
1 9 19 11 31 10 
1 9 19 11 31 12 
1 9 19 11 31 13 
1 9 19 14 22 10 
1 9 19 14 22 11 
1 9 19 14 22 12 
1 9 19 14 22 13 
1 9 19 14 24 10 
1 9 19 14 24 11 
1 9 19 14 24 12 
1 9 19 14 24 13 
1 9 19 14 31 10 
1 9 19 14 31 11 
1 9 19 14 31 12 
1 9 19 14 31 13 
1 9 19 17 22 10 
1 9 19 17 22 11 
1 9 19 17 22 12 
1 9 19 17 22 13 
1 9 19 17 24 10 
1 9 19 17 24 11 
1 9 19 17 24 12 
1 9 19 17 24 13 
1 9 19 17 31 10 
1 9 19 17 31 11 
1 9 19 17 31 12 
1 9 19 17 31 13 
1 10 14 5 21 9 
1 10 14 5 21 11 
1 10 14 5 21 12 
1 10 14 5 21 13 
1 10 14 5 22 9 
1 10 14 5 22 11 
1 10 14 5 22 12 
1 10 14 5 22 13 
1 10 14 7 21 9 
1 10 14 7 21 11 
1 10 14 7 21 12 
1 10 14 7 21 13 
1 10 14 7 22 9 
1 10 14 7 22 11 
1 10 14 7 22 12 
1 10 14 7 22 13 
1 10 14 11 21 9 
1 10 14 11 21 12 
1 10 14 11 21 13 
1 10 14 11 22 9 
1 10 14 11 22 12 
1 10 14 11 22 13 
1 10 14 17 21 9 
1 10 14 17 21 11 
1 10 14 17 21 12 
1 10 14 17 21 13 
1 10 14 17 22 9 
1 10 14 17 22 11 
1 10 14 17 22 12 
1 10 14 17 22 13 
1 10 14 19 21 9 
1 10 14 19 21 11 
1 10 14 19 21 12 
1 10 14 19 21 13 
1 10 14 19 22 9 
1 10 14 19 22 11 
1 10 14 19 22 12 
1 10 14 19 22 13 
1 10 15 5 21 14 
1 10 15 5 21 16 
1 10 15 5 21 17 
1 10 15 5 21 18 
1 10 15 5 21 19 
1 10 15 5 22 14 
1 10 15 5 22 16 
1 10 15 5 22 17 
1 10 15 5 22 18 
1 10 15 5 22 19 
1 10 15 7 21 14 
1 10 15 7 21 16 
1 10 15 7 21 17 
1 10 15 7 21 18 
1 10 15 7 21 19 
1 10 15 7 22 14 
1 10 15 7 22 16 
1 10 15 7 22 17 
1 10 15 7 22 18 
1 10 15 7 22 19 
1 10 15 11 21 14 
1 10 15 11 21 16 
1 10 15 11 21 17 
1 10 15 11 21 18 
1 10 15 11 21 19 
1 10 15 11 22 14 
1 10 15 11 22 16 
1 10 15 11 22 17 
1 10 15 11 22 18 
1 10 15 11 22 19 
1 10 15 14 21 16 
1 10 15 14 21 17 
1 10 15 14 21 18 
1 10 15 14 21 19 
1 10 15 14 22 16 
1 10 15 14 22 17 
1 10 15 14 22 18 
1 10 15 14 22 19 
1 10 15 17 21 14 
1 10 15 17 21 16 
1 10 15 17 21 18 
1 10 15 17 21 19 
1 10 15 17 22 14 
1 10 15 17 22 16 
1 10 15 17 22 18 
1 10 15 17 22 19 
1 10 15 19 21 14 
1 10 15 19 21 16 
1 10 15 19 21 17 
1 10 15 19 21 18 
1 10 15 19 22 14 
1 10 15 19 22 16 
1 10 15 19 22 17 
1 10 15 19 22 18 
1 10 16 5 21 4 
1 10 16 5 21 6 
1 10 16 5 21 7 
1 10 16 5 21 8 
1 10 16 5 21 4 
1 10 16 5 21 6 
1 10 16 5 21 7 
1 10 16 5 21 8 
1 10 16 7 21 4 
1 10 16 7 21 5 
1 10 16 7 21 6 
1 10 16 7 21 8 
1 10 16 7 21 4 
1 10 16 7 21 5 
1 10 16 7 21 6 
1 10 16 7 21 8 
1 10 16 11 21 4 
1 10 16 11 21 5 
1 10 16 11 21 6 
1 10 16 11 21 7 
1 10 16 11 21 8 
1 10 16 11 21 4 
1 10 16 11 21 5 
1 10 16 11 21 6 
1 10 16 11 21 7 
1 10 16 11 21 8 
1 10 16 14 21 4 
1 10 16 14 21 5 
1 10 16 14 21 6 
1 10 16 14 21 7 
1 10 16 14 21 8 
1 10 16 14 21 4 
1 10 16 14 21 5 
1 10 16 14 21 6 
1 10 16 14 21 7 
1 10 16 14 21 8 
1 10 16 17 21 4 
1 10 16 17 21 5 
1 10 16 17 21 6 
1 10 16 17 21 7 
1 10 16 17 21 8 
1 10 16 17 21 4 
1 10 16 17 21 5 
1 10 16 17 21 6 
1 10 16 17 21 7 
1 10 16 17 21 8 
1 10 16 19 21 4 
1 10 16 19 21 5 
1 10 16 19 21 6 
1 10 16 19 21 7 
1 10 16 19 21 8 
1 10 16 19 21 4 
1 10 16 19 21 5 
1 10 16 19 21 6 
1 10 16 19 21 7 
1 10 16 19 21 8 
1 10 17 5 25 9 
1 10 17 5 25 11 
1 10 17 5 25 12 
1 10 17 5 25 13 
1 10 17 5 32 9 
1 10 17 5 32 11 
1 10 17 5 32 12 
1 10 17 5 32 13 
1 10 17 7 25 9 
1 10 17 7 25 11 
1 10 17 7 25 12 
1 10 17 7 25 13 
1 10 17 7 32 9 
1 10 17 7 32 11 
1 10 17 7 32 12 
1 10 17 7 32 13 
1 10 17 11 25 9 
1 10 17 11 25 12 
1 10 17 11 25 13 
1 10 17 11 32 9 
1 10 17 11 32 12 
1 10 17 11 32 13 
1 10 17 14 25 9 
1 10 17 14 25 11 
1 10 17 14 25 12 
1 10 17 14 25 13 
1 10 17 14 32 9 
1 10 17 14 32 11 
1 10 17 14 32 12 
1 10 17 14 32 13 
1 10 17 19 25 9 
1 10 17 19 25 11 
1 10 17 19 25 12 
1 10 17 19 25 13 
1 10 17 19 32 9 
1 10 17 19 32 11 
1 10 17 19 32 12 
1 10 17 19 32 13 
1 10 18 5 20 4 
1 10 18 5 20 6 
1 10 18 5 20 7 
1 10 18 5 20 8 
1 10 18 5 26 4 
1 10 18 5 26 6 
1 10 18 5 26 7 
1 10 18 5 26 8 
1 10 18 5 32 4 
1 10 18 5 32 6 
1 10 18 5 32 7 
1 10 18 5 32 8 
1 10 18 7 20 4 
1 10 18 7 20 5 
1 10 18 7 20 6 
1 10 18 7 20 8 
1 10 18 7 26 4 
1 10 18 7 26 5 
1 10 18 7 26 6 
1 10 18 7 26 8 
1 10 18 7 32 4 
1 10 18 7 32 5 
1 10 18 7 32 6 
1 10 18 7 32 8 
1 10 18 11 20 4 
1 10 18 11 20 5 
1 10 18 11 20 6 
1 10 18 11 20 7 
1 10 18 11 20 8 
1 10 18 11 26 4 
1 10 18 11 26 5 
1 10 18 11 26 6 
1 10 18 11 26 7 
1 10 18 11 26 8 
1 10 18 11 32 4 
1 10 18 11 32 5 
1 10 18 11 32 6 
1 10 18 11 32 7 
1 10 18 11 32 8 
1 10 18 14 20 4 
1 10 18 14 20 5 
1 10 18 14 20 6 
1 10 18 14 20 7 
1 10 18 14 20 8 
1 10 18 14 26 4 
1 10 18 14 26 5 
1 10 18 14 26 6 
1 10 18 14 26 7 
1 10 18 14 26 8 
1 10 18 14 32 4 
1 10 18 14 32 5 
1 10 18 14 32 6 
1 10 18 14 32 7 
1 10 18 14 32 8 
1 10 18 17 20 4 
1 10 18 17 20 5 
1 10 18 17 20 6 
1 10 18 17 20 7 
1 10 18 17 20 8 
1 10 18 17 26 4 
1 10 18 17 26 5 
1 10 18 17 26 6 
1 10 18 17 26 7 
1 10 18 17 26 8 
1 10 18 17 32 4 
1 10 18 17 32 5 
1 10 18 17 32 6 
1 10 18 17 32 7 
1 10 18 17 32 8 
1 10 18 19 20 4 
1 10 18 19 20 5 
1 10 18 19 20 6 
1 10 18 19 20 7 
1 10 18 19 20 8 
1 10 18 19 26 4 
1 10 18 19 26 5 
1 10 18 19 26 6 
1 10 18 19 26 7 
1 10 18 19 26 8 
1 10 18 19 32 4 
1 10 18 19 32 5 
1 10 18 19 32 6 
1 10 18 19 32 7 
1 10 18 19 32 8 
1 10 19 5 28 9 
1 10 19 5 28 11 
1 10 19 5 28 12 
1 10 19 5 28 13 
1 10 19 5 29 9 
1 10 19 5 29 11 
1 10 19 5 29 12 
1 10 19 5 29 13 
1 10 19 5 33 9 
1 10 19 5 33 11 
1 10 19 5 33 12 
1 10 19 5 33 13 
1 10 19 5 34 9 
1 10 19 5 34 11 
1 10 19 5 34 12 
1 10 19 5 34 13 
1 10 19 5 35 9 
1 10 19 5 35 11 
1 10 19 5 35 12 
1 10 19 5 35 13 
1 10 19 7 28 9 
1 10 19 7 28 11 
1 10 19 7 28 12 
1 10 19 7 28 13 
1 10 19 7 29 9 
1 10 19 7 29 11 
1 10 19 7 29 12 
1 10 19 7 29 13 
1 10 19 7 33 9 
1 10 19 7 33 11 
1 10 19 7 33 12 
1 10 19 7 33 13 
1 10 19 7 34 9 
1 10 19 7 34 11 
1 10 19 7 34 12 
1 10 19 7 34 13 
1 10 19 7 35 9 
1 10 19 7 35 11 
1 10 19 7 35 12 
1 10 19 7 35 13 
1 10 19 11 28 9 
1 10 19 11 28 12 
1 10 19 11 28 13 
1 10 19 11 29 9 
1 10 19 11 29 12 
1 10 19 11 29 13 
1 10 19 11 33 9 
1 10 19 11 33 12 
1 10 19 11 33 13 
1 10 19 11 34 9 
1 10 19 11 34 12 
1 10 19 11 34 13 
1 10 19 11 35 9 
1 10 19 11 35 12 
1 10 19 11 35 13 
1 10 19 14 28 9 
1 10 19 14 28 11 
1 10 19 14 28 12 
1 10 19 14 28 13 
1 10 19 14 29 9 
1 10 19 14 29 11 
1 10 19 14 29 12 
1 10 19 14 29 13 
1 10 19 14 33 9 
1 10 19 14 33 11 
1 10 19 14 33 12 
1 10 19 14 33 13 
1 10 19 14 34 9 
1 10 19 14 34 11 
1 10 19 14 34 12 
1 10 19 14 34 13 
1 10 19 14 35 9 
1 10 19 14 35 11 
1 10 19 14 35 12 
1 10 19 14 35 13 
1 10 19 17 28 9 
1 10 19 17 28 11 
1 10 19 17 28 12 
1 10 19 17 28 13 
1 10 19 17 29 9 
1 10 19 17 29 11 
1 10 19 17 29 12 
1 10 19 17 29 13 
1 10 19 17 33 9 
1 10 19 17 33 11 
1 10 19 17 33 12 
1 10 19 17 33 13 
1 10 19 17 34 9 
1 10 19 17 34 11 
1 10 19 17 34 12 
1 10 19 17 34 13 
1 10 19 17 35 9 
1 10 19 17 35 11 
1 10 19 17 35 12 
1 10 19 17 35 13 
1 16 14 8 21 9 
1 16 14 8 21 10 
1 16 14 8 21 11 
1 16 14 8 21 12 
1 16 14 8 21 13 
1 16 14 8 22 9 
1 16 14 8 22 10 
1 16 14 8 22 11 
1 16 14 8 22 12 
1 16 14 8 22 13 
1 16 14 12 21 9 
1 16 14 12 21 10 
1 16 14 12 21 11 
1 16 14 12 21 13 
1 16 14 12 22 9 
1 16 14 12 22 10 
1 16 14 12 22 11 
1 16 14 12 22 13 
1 16 14 13 21 9 
1 16 14 13 21 10 
1 16 14 13 21 11 
1 16 14 13 21 12 
1 16 14 13 22 9 
1 16 14 13 22 10 
1 16 14 13 22 11 
1 16 14 13 22 12 
1 16 14 15 21 9 
1 16 14 15 21 10 
1 16 14 15 21 11 
1 16 14 15 21 12 
1 16 14 15 21 13 
1 16 14 15 22 9 
1 16 14 15 22 10 
1 16 14 15 22 11 
1 16 14 15 22 12 
1 16 14 15 22 13 
1 16 15 8 21 14 
1 16 15 8 21 17 
1 16 15 8 21 18 
1 16 15 8 21 19 
1 16 15 8 22 14 
1 16 15 8 22 17 
1 16 15 8 22 18 
1 16 15 8 22 19 
1 16 15 12 21 14 
1 16 15 12 21 17 
1 16 15 12 21 18 
1 16 15 12 21 19 
1 16 15 12 22 14 
1 16 15 12 22 17 
1 16 15 12 22 18 
1 16 15 12 22 19 
1 16 15 13 21 14 
1 16 15 13 21 17 
1 16 15 13 21 18 
1 16 15 13 21 19 
1 16 15 13 22 14 
1 16 15 13 22 17 
1 16 15 13 22 18 
1 16 15 13 22 19 
1 16 17 8 25 9 
1 16 17 8 25 10 
1 16 17 8 25 11 
1 16 17 8 25 12 
1 16 17 8 25 13 
1 16 17 8 32 9 
1 16 17 8 32 10 
1 16 17 8 32 11 
1 16 17 8 32 12 
1 16 17 8 32 13 
1 16 17 12 25 9 
1 16 17 12 25 10 
1 16 17 12 25 11 
1 16 17 12 25 13 
1 16 17 12 32 9 
1 16 17 12 32 10 
1 16 17 12 32 11 
1 16 17 12 32 13 
1 16 17 13 25 9 
1 16 17 13 25 10 
1 16 17 13 25 11 
1 16 17 13 25 12 
1 16 17 13 32 9 
1 16 17 13 32 10 
1 16 17 13 32 11 
1 16 17 13 32 12 
1 16 17 15 25 9 
1 16 17 15 25 10 
1 16 17 15 25 11 
1 16 17 15 25 12 
1 16 17 15 25 13 
1 16 17 15 32 9 
1 16 17 15 32 10 
1 16 17 15 32 11 
1 16 17 15 32 12 
1 16 17 15 32 13 
1 16 18 8 20 4 
1 16 18 8 20 5 
1 16 18 8 20 6 
1 16 18 8 20 7 
1 16 18 8 26 4 
1 16 18 8 26 5 
1 16 18 8 26 6 
1 16 18 8 26 7 
1 16 18 8 32 4 
1 16 18 8 32 5 
1 16 18 8 32 6 
1 16 18 8 32 7 
1 16 18 12 20 4 
1 16 18 12 20 5 
1 16 18 12 20 6 
1 16 18 12 20 7 
1 16 18 12 20 8 
1 16 18 12 26 4 
1 16 18 12 26 5 
1 16 18 12 26 6 
1 16 18 12 26 7 
1 16 18 12 26 8 
1 16 18 12 32 4 
1 16 18 12 32 5 
1 16 18 12 32 6 
1 16 18 12 32 7 
1 16 18 12 32 8 
1 16 18 13 20 4 
1 16 18 13 20 5 
1 16 18 13 20 6 
1 16 18 13 20 7 
1 16 18 13 20 8 
1 16 18 13 26 4 
1 16 18 13 26 5 
1 16 18 13 26 6 
1 16 18 13 26 7 
1 16 18 13 26 8 
1 16 18 13 32 4 
1 16 18 13 32 5 
1 16 18 13 32 6 
1 16 18 13 32 7 
1 16 18 13 32 8 
1 16 18 15 20 4 
1 16 18 15 20 5 
1 16 18 15 20 6 
1 16 18 15 20 7 
1 16 18 15 20 8 
1 16 18 15 26 4 
1 16 18 15 26 5 
1 16 18 15 26 6 
1 16 18 15 26 7 
1 16 18 15 26 8 
1 16 18 15 32 4 
1 16 18 15 32 5 
1 16 18 15 32 6 
1 16 18 15 32 7 
1 16 18 15 32 8 
1 16 19 8 28 9 
1 16 19 8 28 10 
1 16 19 8 28 11 
1 16 19 8 28 12 
1 16 19 8 28 13 
1 16 19 8 29 9 
1 16 19 8 29 10 
1 16 19 8 29 11 
1 16 19 8 29 12 
1 16 19 8 29 13 
1 16 19 8 33 9 
1 16 19 8 33 10 
1 16 19 8 33 11 
1 16 19 8 33 12 
1 16 19 8 33 13 
1 16 19 8 34 9 
1 16 19 8 34 10 
1 16 19 8 34 11 
1 16 19 8 34 12 
1 16 19 8 34 13 
1 16 19 8 35 9 
1 16 19 8 35 10 
1 16 19 8 35 11 
1 16 19 8 35 12 
1 16 19 8 35 13 
1 16 19 12 28 9 
1 16 19 12 28 10 
1 16 19 12 28 11 
1 16 19 12 28 13 
1 16 19 12 29 9 
1 16 19 12 29 10 
1 16 19 12 29 11 
1 16 19 12 29 13 
1 16 19 12 33 9 
1 16 19 12 33 10 
1 16 19 12 33 11 
1 16 19 12 33 13 
1 16 19 12 34 9 
1 16 19 12 34 10 
1 16 19 12 34 11 
1 16 19 12 34 13 
1 16 19 12 35 9 
1 16 19 12 35 10 
1 16 19 12 35 11 
1 16 19 12 35 13 
1 16 19 13 28 9 
1 16 19 13 28 10 
1 16 19 13 28 11 
1 16 19 13 28 12 
1 16 19 13 29 9 
1 16 19 13 29 10 
1 16 19 13 29 11 
1 16 19 13 29 12 
1 16 19 13 33 9 
1 16 19 13 33 10 
1 16 19 13 33 11 
1 16 19 13 33 12 
1 16 19 13 34 9 
1 16 19 13 34 10 
1 16 19 13 34 11 
1 16 19 13 34 12 
1 16 19 13 35 9 
1 16 19 13 35 10 
1 16 19 13 35 11 
1 16 19 13 35 12 
1 16 19 15 28 9 
1 16 19 15 28 10 
1 16 19 15 28 11 
1 16 19 15 28 12 
1 16 19 15 28 13 
1 16 19 15 29 9 
1 16 19 15 29 10 
1 16 19 15 29 11 
1 16 19 15 29 12 
1 16 19 15 29 13 
1 16 19 15 33 9 
1 16 19 15 33 10 
1 16 19 15 33 11 
1 16 19 15 33 12 
1 16 19 15 33 13 
1 16 19 15 34 9 
1 16 19 15 34 10 
1 16 19 15 34 11 
1 16 19 15 34 12 
1 16 19 15 34 13 
1 16 19 15 35 9 
1 16 19 15 35 10 
1 16 19 15 35 11 
1 16 19 15 35 12 
1 16 19 15 35 13 
1 18 14 8 20 9 
1 18 14 8 20 10 
1 18 14 8 20 11 
1 18 14 8 20 12 
1 18 14 8 20 13 
1 18 14 8 25 9 
1 18 14 8 25 10 
1 18 14 8 25 11 
1 18 14 8 25 12 
1 18 14 8 25 13 
1 18 14 8 26 9 
1 18 14 8 26 10 
1 18 14 8 26 11 
1 18 14 8 26 12 
1 18 14 8 26 13 
1 18 14 8 27 9 
1 18 14 8 27 10 
1 18 14 8 27 11 
1 18 14 8 27 12 
1 18 14 8 27 13 
1 18 14 12 20 9 
1 18 14 12 20 10 
1 18 14 12 20 11 
1 18 14 12 20 13 
1 18 14 12 25 9 
1 18 14 12 25 10 
1 18 14 12 25 11 
1 18 14 12 25 13 
1 18 14 12 26 9 
1 18 14 12 26 10 
1 18 14 12 26 11 
1 18 14 12 26 13 
1 18 14 12 27 9 
1 18 14 12 27 10 
1 18 14 12 27 11 
1 18 14 12 27 13 
1 18 14 13 20 9 
1 18 14 13 20 10 
1 18 14 13 20 11 
1 18 14 13 20 12 
1 18 14 13 25 9 
1 18 14 13 25 10 
1 18 14 13 25 11 
1 18 14 13 25 12 
1 18 14 13 26 9 
1 18 14 13 26 10 
1 18 14 13 26 11 
1 18 14 13 26 12 
1 18 14 13 27 9 
1 18 14 13 27 10 
1 18 14 13 27 11 
1 18 14 13 27 12 
1 18 14 15 20 9 
1 18 14 15 20 10 
1 18 14 15 20 11 
1 18 14 15 20 12 
1 18 14 15 20 13 
1 18 14 15 25 9 
1 18 14 15 25 10 
1 18 14 15 25 11 
1 18 14 15 25 12 
1 18 14 15 25 13 
1 18 14 15 26 9 
1 18 14 15 26 10 
1 18 14 15 26 11 
1 18 14 15 26 12 
1 18 14 15 26 13 
1 18 14 15 27 9 
1 18 14 15 27 10 
1 18 14 15 27 11 
1 18 14 15 27 12 
1 18 14 15 27 13 
1 18 15 8 20 14 
1 18 15 8 20 16 
1 18 15 8 20 17 
1 18 15 8 20 19 
1 18 15 8 25 14 
1 18 15 8 25 16 
1 18 15 8 25 17 
1 18 15 8 25 19 
1 18 15 8 26 14 
1 18 15 8 26 16 
1 18 15 8 26 17 
1 18 15 8 26 19 
1 18 15 8 27 14 
1 18 15 8 27 16 
1 18 15 8 27 17 
1 18 15 8 27 19 
1 18 15 12 20 14 
1 18 15 12 20 16 
1 18 15 12 20 17 
1 18 15 12 20 19 
1 18 15 12 25 14 
1 18 15 12 25 16 
1 18 15 12 25 17 
1 18 15 12 25 19 
1 18 15 12 26 14 
1 18 15 12 26 16 
1 18 15 12 26 17 
1 18 15 12 26 19 
1 18 15 12 27 14 
1 18 15 12 27 16 
1 18 15 12 27 17 
1 18 15 12 27 19 
1 18 15 13 20 14 
1 18 15 13 20 16 
1 18 15 13 20 17 
1 18 15 13 20 19 
1 18 15 13 25 14 
1 18 15 13 25 16 
1 18 15 13 25 17 
1 18 15 13 25 19 
1 18 15 13 26 14 
1 18 15 13 26 16 
1 18 15 13 26 17 
1 18 15 13 26 19 
1 18 15 13 27 14 
1 18 15 13 27 16 
1 18 15 13 27 17 
1 18 15 13 27 19 
1 18 16 8 29 4 
1 18 16 8 29 5 
1 18 16 8 29 6 
1 18 16 8 29 7 
1 18 16 8 32 4 
1 18 16 8 32 5 
1 18 16 8 32 6 
1 18 16 8 32 7 
1 18 16 12 29 4 
1 18 16 12 29 5 
1 18 16 12 29 6 
1 18 16 12 29 7 
1 18 16 12 29 8 
1 18 16 12 32 4 
1 18 16 12 32 5 
1 18 16 12 32 6 
1 18 16 12 32 7 
1 18 16 12 32 8 
1 18 16 13 29 4 
1 18 16 13 29 5 
1 18 16 13 29 6 
1 18 16 13 29 7 
1 18 16 13 29 8 
1 18 16 13 32 4 
1 18 16 13 32 5 
1 18 16 13 32 6 
1 18 16 13 32 7 
1 18 16 13 32 8 
1 18 16 15 29 4 
1 18 16 15 29 5 
1 18 16 15 29 6 
1 18 16 15 29 7 
1 18 16 15 29 8 
1 18 16 15 32 4 
1 18 16 15 32 5 
1 18 16 15 32 6 
1 18 16 15 32 7 
1 18 16 15 32 8 
1 18 17 8 23 9 
1 18 17 8 23 10 
1 18 17 8 23 11 
1 18 17 8 23 12 
1 18 17 8 23 13 
1 18 17 8 24 9 
1 18 17 8 24 10 
1 18 17 8 24 11 
1 18 17 8 24 12 
1 18 17 8 24 13 
1 18 17 8 34 9 
1 18 17 8 34 10 
1 18 17 8 34 11 
1 18 17 8 34 12 
1 18 17 8 34 13 
1 18 17 12 23 9 
1 18 17 12 23 10 
1 18 17 12 23 11 
1 18 17 12 23 13 
1 18 17 12 24 9 
1 18 17 12 24 10 
1 18 17 12 24 11 
1 18 17 12 24 13 
1 18 17 12 34 9 
1 18 17 12 34 10 
1 18 17 12 34 11 
1 18 17 12 34 13 
1 18 17 13 23 9 
1 18 17 13 23 10 
1 18 17 13 23 11 
1 18 17 13 23 12 
1 18 17 13 24 9 
1 18 17 13 24 10 
1 18 17 13 24 11 
1 18 17 13 24 12 
1 18 17 13 34 9 
1 18 17 13 34 10 
1 18 17 13 34 11 
1 18 17 13 34 12 
1 18 17 15 23 9 
1 18 17 15 23 10 
1 18 17 15 23 11 
1 18 17 15 23 12 
1 18 17 15 23 13 
1 18 17 15 24 9 
1 18 17 15 24 10 
1 18 17 15 24 11 
1 18 17 15 24 12 
1 18 17 15 24 13 
1 18 17 15 34 9 
1 18 17 15 34 10 
1 18 17 15 34 11 
1 18 17 15 34 12 
1 18 17 15 34 13 
1 18 19 8 30 9 
1 18 19 8 30 10 
1 18 19 8 30 11 
1 18 19 8 30 12 
1 18 19 8 30 13 
1 18 19 8 31 9 
1 18 19 8 31 10 
1 18 19 8 31 11 
1 18 19 8 31 12 
1 18 19 8 31 13 
1 18 19 12 30 9 
1 18 19 12 30 10 
1 18 19 12 30 11 
1 18 19 12 30 13 
1 18 19 12 31 9 
1 18 19 12 31 10 
1 18 19 12 31 11 
1 18 19 12 31 13 
1 18 19 13 30 9 
1 18 19 13 30 10 
1 18 19 13 30 11 
1 18 19 13 30 12 
1 18 19 13 31 9 
1 18 19 13 31 10 
1 18 19 13 31 11 
1 18 19 13 31 12 
1 18 19 15 30 9 
1 18 19 15 30 10 
1 18 19 15 30 11 
1 18 19 15 30 12 
1 18 19 15 30 13 
1 18 19 15 31 9 
1 18 19 15 31 10 
1 18 19 15 31 11 
1 18 19 15 31 12 
1 18 19 15 31 13 
