6
2
0
0
1
0 4 5 6 23 9 
0 4 5 6 23 10 
0 4 5 6 23 11 
0 4 5 6 23 12 
0 4 5 6 23 13 
0 4 5 6 33 9 
0 4 5 6 33 10 
0 4 5 6 33 11 
0 4 5 6 33 12 
0 4 5 6 33 13 
0 4 5 9 23 10 
0 4 5 9 23 11 
0 4 5 9 23 12 
0 4 5 9 23 13 
0 4 5 9 33 10 
0 4 5 9 33 11 
0 4 5 9 33 12 
0 4 5 9 33 13 
0 4 5 10 23 9 
0 4 5 10 23 11 
0 4 5 10 23 12 
0 4 5 10 23 13 
0 4 5 10 33 9 
0 4 5 10 33 11 
0 4 5 10 33 12 
0 4 5 10 33 13 
0 4 5 16 23 9 
0 4 5 16 23 10 
0 4 5 16 23 11 
0 4 5 16 23 12 
0 4 5 16 23 13 
0 4 5 16 33 9 
0 4 5 16 33 10 
0 4 5 16 33 11 
0 4 5 16 33 12 
0 4 5 16 33 13 
0 4 5 18 23 9 
0 4 5 18 23 10 
0 4 5 18 23 11 
0 4 5 18 23 12 
0 4 5 18 23 13 
0 4 5 18 33 9 
0 4 5 18 33 10 
0 4 5 18 33 11 
0 4 5 18 33 12 
0 4 5 18 33 13 
0 4 6 9 35 5 
0 4 6 9 35 7 
0 4 6 9 35 8 
0 4 6 10 35 5 
0 4 6 10 35 7 
0 4 6 10 35 8 
0 4 6 16 35 5 
0 4 6 16 35 7 
0 4 6 16 35 8 
0 4 6 18 35 5 
0 4 6 18 35 7 
0 4 6 18 35 8 
0 4 7 6 35 9 
0 4 7 6 35 10 
0 4 7 6 35 11 
0 4 7 6 35 12 
0 4 7 6 35 13 
0 4 7 9 35 10 
0 4 7 9 35 11 
0 4 7 9 35 12 
0 4 7 9 35 13 
0 4 7 10 35 9 
0 4 7 10 35 11 
0 4 7 10 35 12 
0 4 7 10 35 13 
0 4 7 16 35 9 
0 4 7 16 35 10 
0 4 7 16 35 11 
0 4 7 16 35 12 
0 4 7 16 35 13 
0 4 7 18 35 9 
0 4 7 18 35 10 
0 4 7 18 35 11 
0 4 7 18 35 12 
0 4 7 18 35 13 
0 4 8 6 35 14 
0 4 8 6 35 15 
0 4 8 6 35 16 
0 4 8 6 35 17 
0 4 8 6 35 18 
0 4 8 6 35 19 
0 4 8 9 35 14 
0 4 8 9 35 15 
0 4 8 9 35 16 
0 4 8 9 35 17 
0 4 8 9 35 18 
0 4 8 9 35 19 
0 4 8 10 35 14 
0 4 8 10 35 15 
0 4 8 10 35 16 
0 4 8 10 35 17 
0 4 8 10 35 18 
0 4 8 10 35 19 
0 4 8 16 35 14 
0 4 8 16 35 15 
0 4 8 16 35 17 
0 4 8 16 35 18 
0 4 8 16 35 19 
0 4 8 18 35 14 
0 4 8 18 35 15 
0 4 8 18 35 16 
0 4 8 18 35 17 
0 4 8 18 35 19 
0 6 4 9 33 5 
0 6 4 9 33 7 
0 6 4 9 33 8 
0 6 4 9 35 5 
0 6 4 9 35 7 
0 6 4 9 35 8 
0 6 4 10 33 5 
0 6 4 10 33 7 
0 6 4 10 33 8 
0 6 4 10 35 5 
0 6 4 10 35 7 
0 6 4 10 35 8 
0 6 4 16 33 5 
0 6 4 16 33 7 
0 6 4 16 33 8 
0 6 4 16 35 5 
0 6 4 16 35 7 
0 6 4 16 35 8 
0 6 4 18 33 5 
0 6 4 18 33 7 
0 6 4 18 33 8 
0 6 4 18 35 5 
0 6 4 18 35 7 
0 6 4 18 35 8 
0 6 5 4 33 9 
0 6 5 4 33 10 
0 6 5 4 33 11 
0 6 5 4 33 12 
0 6 5 4 33 13 
0 6 5 4 35 9 
0 6 5 4 35 10 
0 6 5 4 35 11 
0 6 5 4 35 12 
0 6 5 4 35 13 
0 6 5 9 33 10 
0 6 5 9 33 11 
0 6 5 9 33 12 
0 6 5 9 33 13 
0 6 5 9 35 10 
0 6 5 9 35 11 
0 6 5 9 35 12 
0 6 5 9 35 13 
0 6 5 10 33 9 
0 6 5 10 33 11 
0 6 5 10 33 12 
0 6 5 10 33 13 
0 6 5 10 35 9 
0 6 5 10 35 11 
0 6 5 10 35 12 
0 6 5 10 35 13 
0 6 5 16 33 9 
0 6 5 16 33 10 
0 6 5 16 33 11 
0 6 5 16 33 12 
0 6 5 16 33 13 
0 6 5 16 35 9 
0 6 5 16 35 10 
0 6 5 16 35 11 
0 6 5 16 35 12 
0 6 5 16 35 13 
0 6 5 18 33 9 
0 6 5 18 33 10 
0 6 5 18 33 11 
0 6 5 18 33 12 
0 6 5 18 33 13 
0 6 5 18 35 9 
0 6 5 18 35 10 
0 6 5 18 35 11 
0 6 5 18 35 12 
0 6 5 18 35 13 
0 6 7 4 22 9 
0 6 7 4 22 10 
0 6 7 4 22 11 
0 6 7 4 22 12 
0 6 7 4 22 13 
0 6 7 9 22 10 
0 6 7 9 22 11 
0 6 7 9 22 12 
0 6 7 9 22 13 
0 6 7 10 22 9 
0 6 7 10 22 11 
0 6 7 10 22 12 
0 6 7 10 22 13 
0 6 7 16 22 9 
0 6 7 16 22 10 
0 6 7 16 22 11 
0 6 7 16 22 12 
0 6 7 16 22 13 
0 6 7 18 22 9 
0 6 7 18 22 10 
0 6 7 18 22 11 
0 6 7 18 22 12 
0 6 7 18 22 13 
0 6 8 4 22 14 
0 6 8 4 22 15 
0 6 8 4 22 16 
0 6 8 4 22 17 
0 6 8 4 22 18 
0 6 8 4 22 19 
0 6 8 9 22 14 
0 6 8 9 22 15 
0 6 8 9 22 16 
0 6 8 9 22 17 
0 6 8 9 22 18 
0 6 8 9 22 19 
0 6 8 10 22 14 
0 6 8 10 22 15 
0 6 8 10 22 16 
0 6 8 10 22 17 
0 6 8 10 22 18 
0 6 8 10 22 19 
0 6 8 16 22 14 
0 6 8 16 22 15 
0 6 8 16 22 17 
0 6 8 16 22 18 
0 6 8 16 22 19 
0 6 8 18 22 14 
0 6 8 18 22 15 
0 6 8 18 22 16 
0 6 8 18 22 17 
0 6 8 18 22 19 
0 9 4 5 28 6 
0 9 4 5 28 7 
0 9 4 5 28 8 
0 9 4 5 30 6 
0 9 4 5 30 7 
0 9 4 5 30 8 
0 9 4 7 28 5 
0 9 4 7 28 6 
0 9 4 7 28 8 
0 9 4 7 30 5 
0 9 4 7 30 6 
0 9 4 7 30 8 
0 9 4 11 28 5 
0 9 4 11 28 6 
0 9 4 11 28 7 
0 9 4 11 28 8 
0 9 4 11 30 5 
0 9 4 11 30 6 
0 9 4 11 30 7 
0 9 4 11 30 8 
0 9 4 14 28 5 
0 9 4 14 28 6 
0 9 4 14 28 7 
0 9 4 14 28 8 
0 9 4 14 30 5 
0 9 4 14 30 6 
0 9 4 14 30 7 
0 9 4 14 30 8 
0 9 4 17 28 5 
0 9 4 17 28 6 
0 9 4 17 28 7 
0 9 4 17 28 8 
0 9 4 17 30 5 
0 9 4 17 30 6 
0 9 4 17 30 7 
0 9 4 17 30 8 
0 9 4 19 28 5 
0 9 4 19 28 6 
0 9 4 19 28 7 
0 9 4 19 28 8 
0 9 4 19 30 5 
0 9 4 19 30 6 
0 9 4 19 30 7 
0 9 4 19 30 8 
0 9 5 7 28 10 
0 9 5 7 28 11 
0 9 5 7 28 12 
0 9 5 7 28 13 
0 9 5 7 30 10 
0 9 5 7 30 11 
0 9 5 7 30 12 
0 9 5 7 30 13 
0 9 5 11 28 10 
0 9 5 11 28 12 
0 9 5 11 28 13 
0 9 5 11 30 10 
0 9 5 11 30 12 
0 9 5 11 30 13 
0 9 5 14 28 10 
0 9 5 14 28 11 
0 9 5 14 28 12 
0 9 5 14 28 13 
0 9 5 14 30 10 
0 9 5 14 30 11 
0 9 5 14 30 12 
0 9 5 14 30 13 
0 9 5 17 28 10 
0 9 5 17 28 11 
0 9 5 17 28 12 
0 9 5 17 28 13 
0 9 5 17 30 10 
0 9 5 17 30 11 
0 9 5 17 30 12 
0 9 5 17 30 13 
0 9 5 19 28 10 
0 9 5 19 28 11 
0 9 5 19 28 12 
0 9 5 19 28 13 
0 9 5 19 30 10 
0 9 5 19 30 11 
0 9 5 19 30 12 
0 9 5 19 30 13 
0 9 6 5 22 4 
0 9 6 5 22 7 
0 9 6 5 22 8 
0 9 6 5 24 4 
0 9 6 5 24 7 
0 9 6 5 24 8 
0 9 6 5 31 4 
0 9 6 5 31 7 
0 9 6 5 31 8 
0 9 6 7 22 4 
0 9 6 7 22 5 
0 9 6 7 22 8 
0 9 6 7 24 4 
0 9 6 7 24 5 
0 9 6 7 24 8 
0 9 6 7 31 4 
0 9 6 7 31 5 
0 9 6 7 31 8 
0 9 6 11 22 4 
0 9 6 11 22 5 
0 9 6 11 22 7 
0 9 6 11 22 8 
0 9 6 11 24 4 
0 9 6 11 24 5 
0 9 6 11 24 7 
0 9 6 11 24 8 
0 9 6 11 31 4 
0 9 6 11 31 5 
0 9 6 11 31 7 
0 9 6 11 31 8 
0 9 6 14 22 4 
0 9 6 14 22 5 
0 9 6 14 22 7 
0 9 6 14 22 8 
0 9 6 14 24 4 
0 9 6 14 24 5 
0 9 6 14 24 7 
0 9 6 14 24 8 
0 9 6 14 31 4 
0 9 6 14 31 5 
0 9 6 14 31 7 
0 9 6 14 31 8 
0 9 6 17 22 4 
0 9 6 17 22 5 
0 9 6 17 22 7 
0 9 6 17 22 8 
0 9 6 17 24 4 
0 9 6 17 24 5 
0 9 6 17 24 7 
0 9 6 17 24 8 
0 9 6 17 31 4 
0 9 6 17 31 5 
0 9 6 17 31 7 
0 9 6 17 31 8 
0 9 6 19 22 4 
0 9 6 19 22 5 
0 9 6 19 22 7 
0 9 6 19 22 8 
0 9 6 19 24 4 
0 9 6 19 24 5 
0 9 6 19 24 7 
0 9 6 19 24 8 
0 9 6 19 31 4 
0 9 6 19 31 5 
0 9 6 19 31 7 
0 9 6 19 31 8 
0 9 7 5 22 10 
0 9 7 5 22 11 
0 9 7 5 22 12 
0 9 7 5 22 13 
0 9 7 5 24 10 
0 9 7 5 24 11 
0 9 7 5 24 12 
0 9 7 5 24 13 
0 9 7 5 31 10 
0 9 7 5 31 11 
0 9 7 5 31 12 
0 9 7 5 31 13 
0 9 7 11 22 10 
0 9 7 11 22 12 
0 9 7 11 22 13 
0 9 7 11 24 10 
0 9 7 11 24 12 
0 9 7 11 24 13 
0 9 7 11 31 10 
0 9 7 11 31 12 
0 9 7 11 31 13 
0 9 7 14 22 10 
0 9 7 14 22 11 
0 9 7 14 22 12 
0 9 7 14 22 13 
0 9 7 14 24 10 
0 9 7 14 24 11 
0 9 7 14 24 12 
0 9 7 14 24 13 
0 9 7 14 31 10 
0 9 7 14 31 11 
0 9 7 14 31 12 
0 9 7 14 31 13 
0 9 7 17 22 10 
0 9 7 17 22 11 
0 9 7 17 22 12 
0 9 7 17 22 13 
0 9 7 17 24 10 
0 9 7 17 24 11 
0 9 7 17 24 12 
0 9 7 17 24 13 
0 9 7 17 31 10 
0 9 7 17 31 11 
0 9 7 17 31 12 
0 9 7 17 31 13 
0 9 7 19 22 10 
0 9 7 19 22 11 
0 9 7 19 22 12 
0 9 7 19 22 13 
0 9 7 19 24 10 
0 9 7 19 24 11 
0 9 7 19 24 12 
0 9 7 19 24 13 
0 9 7 19 31 10 
0 9 7 19 31 11 
0 9 7 19 31 12 
0 9 7 19 31 13 
0 9 8 5 22 14 
0 9 8 5 22 15 
0 9 8 5 22 16 
0 9 8 5 22 17 
0 9 8 5 22 18 
0 9 8 5 22 19 
0 9 8 5 24 14 
0 9 8 5 24 15 
0 9 8 5 24 16 
0 9 8 5 24 17 
0 9 8 5 24 18 
0 9 8 5 24 19 
0 9 8 5 31 14 
0 9 8 5 31 15 
0 9 8 5 31 16 
0 9 8 5 31 17 
0 9 8 5 31 18 
0 9 8 5 31 19 
0 9 8 7 22 14 
0 9 8 7 22 15 
0 9 8 7 22 16 
0 9 8 7 22 17 
0 9 8 7 22 18 
0 9 8 7 22 19 
0 9 8 7 24 14 
0 9 8 7 24 15 
0 9 8 7 24 16 
0 9 8 7 24 17 
0 9 8 7 24 18 
0 9 8 7 24 19 
0 9 8 7 31 14 
0 9 8 7 31 15 
0 9 8 7 31 16 
0 9 8 7 31 17 
0 9 8 7 31 18 
0 9 8 7 31 19 
0 9 8 11 22 14 
0 9 8 11 22 15 
0 9 8 11 22 16 
0 9 8 11 22 17 
0 9 8 11 22 18 
0 9 8 11 22 19 
0 9 8 11 24 14 
0 9 8 11 24 15 
0 9 8 11 24 16 
0 9 8 11 24 17 
0 9 8 11 24 18 
0 9 8 11 24 19 
0 9 8 11 31 14 
0 9 8 11 31 15 
0 9 8 11 31 16 
0 9 8 11 31 17 
0 9 8 11 31 18 
0 9 8 11 31 19 
0 9 8 14 22 15 
0 9 8 14 22 16 
0 9 8 14 22 17 
0 9 8 14 22 18 
0 9 8 14 22 19 
0 9 8 14 24 15 
0 9 8 14 24 16 
0 9 8 14 24 17 
0 9 8 14 24 18 
0 9 8 14 24 19 
0 9 8 14 31 15 
0 9 8 14 31 16 
0 9 8 14 31 17 
0 9 8 14 31 18 
0 9 8 14 31 19 
0 9 8 17 22 14 
0 9 8 17 22 15 
0 9 8 17 22 16 
0 9 8 17 22 18 
0 9 8 17 22 19 
0 9 8 17 24 14 
0 9 8 17 24 15 
0 9 8 17 24 16 
0 9 8 17 24 18 
0 9 8 17 24 19 
0 9 8 17 31 14 
0 9 8 17 31 15 
0 9 8 17 31 16 
0 9 8 17 31 18 
0 9 8 17 31 19 
0 9 8 19 22 14 
0 9 8 19 22 15 
0 9 8 19 22 16 
0 9 8 19 22 17 
0 9 8 19 22 18 
0 9 8 19 24 14 
0 9 8 19 24 15 
0 9 8 19 24 16 
0 9 8 19 24 17 
0 9 8 19 24 18 
0 9 8 19 31 14 
0 9 8 19 31 15 
0 9 8 19 31 16 
0 9 8 19 31 17 
0 9 8 19 31 18 
0 10 4 5 25 6 
0 10 4 5 25 7 
0 10 4 5 25 8 
0 10 4 5 32 6 
0 10 4 5 32 7 
0 10 4 5 32 8 
0 10 4 7 25 5 
0 10 4 7 25 6 
0 10 4 7 25 8 
0 10 4 7 32 5 
0 10 4 7 32 6 
0 10 4 7 32 8 
0 10 4 11 25 5 
0 10 4 11 25 6 
0 10 4 11 25 7 
0 10 4 11 25 8 
0 10 4 11 32 5 
0 10 4 11 32 6 
0 10 4 11 32 7 
0 10 4 11 32 8 
0 10 4 14 25 5 
0 10 4 14 25 6 
0 10 4 14 25 7 
0 10 4 14 25 8 
0 10 4 14 32 5 
0 10 4 14 32 6 
0 10 4 14 32 7 
0 10 4 14 32 8 
0 10 4 17 25 5 
0 10 4 17 25 6 
0 10 4 17 25 7 
0 10 4 17 25 8 
0 10 4 17 32 5 
0 10 4 17 32 6 
0 10 4 17 32 7 
0 10 4 17 32 8 
0 10 4 19 25 5 
0 10 4 19 25 6 
0 10 4 19 25 7 
0 10 4 19 25 8 
0 10 4 19 32 5 
0 10 4 19 32 6 
0 10 4 19 32 7 
0 10 4 19 32 8 
0 10 5 7 25 9 
0 10 5 7 25 11 
0 10 5 7 25 12 
0 10 5 7 25 13 
0 10 5 7 32 9 
0 10 5 7 32 11 
0 10 5 7 32 12 
0 10 5 7 32 13 
0 10 5 11 25 9 
0 10 5 11 25 12 
0 10 5 11 25 13 
0 10 5 11 32 9 
0 10 5 11 32 12 
0 10 5 11 32 13 
0 10 5 14 25 9 
0 10 5 14 25 11 
0 10 5 14 25 12 
0 10 5 14 25 13 
0 10 5 14 32 9 
0 10 5 14 32 11 
0 10 5 14 32 12 
0 10 5 14 32 13 
0 10 5 17 25 9 
0 10 5 17 25 11 
0 10 5 17 25 12 
0 10 5 17 25 13 
0 10 5 17 32 9 
0 10 5 17 32 11 
0 10 5 17 32 12 
0 10 5 17 32 13 
0 10 5 19 25 9 
0 10 5 19 25 11 
0 10 5 19 25 12 
0 10 5 19 25 13 
0 10 5 19 32 9 
0 10 5 19 32 11 
0 10 5 19 32 12 
0 10 5 19 32 13 
0 10 6 5 28 4 
0 10 6 5 28 7 
0 10 6 5 28 8 
0 10 6 5 29 4 
0 10 6 5 29 7 
0 10 6 5 29 8 
0 10 6 5 33 4 
0 10 6 5 33 7 
0 10 6 5 33 8 
0 10 6 5 34 4 
0 10 6 5 34 7 
0 10 6 5 34 8 
0 10 6 5 35 4 
0 10 6 5 35 7 
0 10 6 5 35 8 
0 10 6 7 28 4 
0 10 6 7 28 5 
0 10 6 7 28 8 
0 10 6 7 29 4 
0 10 6 7 29 5 
0 10 6 7 29 8 
0 10 6 7 33 4 
0 10 6 7 33 5 
0 10 6 7 33 8 
0 10 6 7 34 4 
0 10 6 7 34 5 
0 10 6 7 34 8 
0 10 6 7 35 4 
0 10 6 7 35 5 
0 10 6 7 35 8 
0 10 6 11 28 4 
0 10 6 11 28 5 
0 10 6 11 28 7 
0 10 6 11 28 8 
0 10 6 11 29 4 
0 10 6 11 29 5 
0 10 6 11 29 7 
0 10 6 11 29 8 
0 10 6 11 33 4 
0 10 6 11 33 5 
0 10 6 11 33 7 
0 10 6 11 33 8 
0 10 6 11 34 4 
0 10 6 11 34 5 
0 10 6 11 34 7 
0 10 6 11 34 8 
0 10 6 11 35 4 
0 10 6 11 35 5 
0 10 6 11 35 7 
0 10 6 11 35 8 
0 10 6 14 28 4 
0 10 6 14 28 5 
0 10 6 14 28 7 
0 10 6 14 28 8 
0 10 6 14 29 4 
0 10 6 14 29 5 
0 10 6 14 29 7 
0 10 6 14 29 8 
0 10 6 14 33 4 
0 10 6 14 33 5 
0 10 6 14 33 7 
0 10 6 14 33 8 
0 10 6 14 34 4 
0 10 6 14 34 5 
0 10 6 14 34 7 
0 10 6 14 34 8 
0 10 6 14 35 4 
0 10 6 14 35 5 
0 10 6 14 35 7 
0 10 6 14 35 8 
0 10 6 17 28 4 
0 10 6 17 28 5 
0 10 6 17 28 7 
0 10 6 17 28 8 
0 10 6 17 29 4 
0 10 6 17 29 5 
0 10 6 17 29 7 
0 10 6 17 29 8 
0 10 6 17 33 4 
0 10 6 17 33 5 
0 10 6 17 33 7 
0 10 6 17 33 8 
0 10 6 17 34 4 
0 10 6 17 34 5 
0 10 6 17 34 7 
0 10 6 17 34 8 
0 10 6 17 35 4 
0 10 6 17 35 5 
0 10 6 17 35 7 
0 10 6 17 35 8 
0 10 6 19 28 4 
0 10 6 19 28 5 
0 10 6 19 28 7 
0 10 6 19 28 8 
0 10 6 19 29 4 
0 10 6 19 29 5 
0 10 6 19 29 7 
0 10 6 19 29 8 
0 10 6 19 33 4 
0 10 6 19 33 5 
0 10 6 19 33 7 
0 10 6 19 33 8 
0 10 6 19 34 4 
0 10 6 19 34 5 
0 10 6 19 34 7 
0 10 6 19 34 8 
0 10 6 19 35 4 
0 10 6 19 35 5 
0 10 6 19 35 7 
0 10 6 19 35 8 
0 10 7 5 28 9 
0 10 7 5 28 11 
0 10 7 5 28 12 
0 10 7 5 28 13 
0 10 7 5 29 9 
0 10 7 5 29 11 
0 10 7 5 29 12 
0 10 7 5 29 13 
0 10 7 5 33 9 
0 10 7 5 33 11 
0 10 7 5 33 12 
0 10 7 5 33 13 
0 10 7 5 34 9 
0 10 7 5 34 11 
0 10 7 5 34 12 
0 10 7 5 34 13 
0 10 7 5 35 9 
0 10 7 5 35 11 
0 10 7 5 35 12 
0 10 7 5 35 13 
0 10 7 11 28 9 
0 10 7 11 28 12 
0 10 7 11 28 13 
0 10 7 11 29 9 
0 10 7 11 29 12 
0 10 7 11 29 13 
0 10 7 11 33 9 
0 10 7 11 33 12 
0 10 7 11 33 13 
0 10 7 11 34 9 
0 10 7 11 34 12 
0 10 7 11 34 13 
0 10 7 11 35 9 
0 10 7 11 35 12 
0 10 7 11 35 13 
0 10 7 14 28 9 
0 10 7 14 28 11 
0 10 7 14 28 12 
0 10 7 14 28 13 
0 10 7 14 29 9 
0 10 7 14 29 11 
0 10 7 14 29 12 
0 10 7 14 29 13 
0 10 7 14 33 9 
0 10 7 14 33 11 
0 10 7 14 33 12 
0 10 7 14 33 13 
0 10 7 14 34 9 
0 10 7 14 34 11 
0 10 7 14 34 12 
0 10 7 14 34 13 
0 10 7 14 35 9 
0 10 7 14 35 11 
0 10 7 14 35 12 
0 10 7 14 35 13 
0 10 7 17 28 9 
0 10 7 17 28 11 
0 10 7 17 28 12 
0 10 7 17 28 13 
0 10 7 17 29 9 
0 10 7 17 29 11 
0 10 7 17 29 12 
0 10 7 17 29 13 
0 10 7 17 33 9 
0 10 7 17 33 11 
0 10 7 17 33 12 
0 10 7 17 33 13 
0 10 7 17 34 9 
0 10 7 17 34 11 
0 10 7 17 34 12 
0 10 7 17 34 13 
0 10 7 17 35 9 
0 10 7 17 35 11 
0 10 7 17 35 12 
0 10 7 17 35 13 
0 10 7 19 28 9 
0 10 7 19 28 11 
0 10 7 19 28 12 
0 10 7 19 28 13 
0 10 7 19 29 9 
0 10 7 19 29 11 
0 10 7 19 29 12 
0 10 7 19 29 13 
0 10 7 19 33 9 
0 10 7 19 33 11 
0 10 7 19 33 12 
0 10 7 19 33 13 
0 10 7 19 34 9 
0 10 7 19 34 11 
0 10 7 19 34 12 
0 10 7 19 34 13 
0 10 7 19 35 9 
0 10 7 19 35 11 
0 10 7 19 35 12 
0 10 7 19 35 13 
0 10 8 5 28 14 
0 10 8 5 28 15 
0 10 8 5 28 16 
0 10 8 5 28 17 
0 10 8 5 28 18 
0 10 8 5 28 19 
0 10 8 5 29 14 
0 10 8 5 29 15 
0 10 8 5 29 16 
0 10 8 5 29 17 
0 10 8 5 29 18 
0 10 8 5 29 19 
0 10 8 5 33 14 
0 10 8 5 33 15 
0 10 8 5 33 16 
0 10 8 5 33 17 
0 10 8 5 33 18 
0 10 8 5 33 19 
0 10 8 5 34 14 
0 10 8 5 34 15 
0 10 8 5 34 16 
0 10 8 5 34 17 
0 10 8 5 34 18 
0 10 8 5 34 19 
0 10 8 5 35 14 
0 10 8 5 35 15 
0 10 8 5 35 16 
0 10 8 5 35 17 
0 10 8 5 35 18 
0 10 8 5 35 19 
0 10 8 7 28 14 
0 10 8 7 28 15 
0 10 8 7 28 16 
0 10 8 7 28 17 
0 10 8 7 28 18 
0 10 8 7 28 19 
0 10 8 7 29 14 
0 10 8 7 29 15 
0 10 8 7 29 16 
0 10 8 7 29 17 
0 10 8 7 29 18 
0 10 8 7 29 19 
0 10 8 7 33 14 
0 10 8 7 33 15 
0 10 8 7 33 16 
0 10 8 7 33 17 
0 10 8 7 33 18 
0 10 8 7 33 19 
0 10 8 7 34 14 
0 10 8 7 34 15 
0 10 8 7 34 16 
0 10 8 7 34 17 
0 10 8 7 34 18 
0 10 8 7 34 19 
0 10 8 7 35 14 
0 10 8 7 35 15 
0 10 8 7 35 16 
0 10 8 7 35 17 
0 10 8 7 35 18 
0 10 8 7 35 19 
0 10 8 11 28 14 
0 10 8 11 28 15 
0 10 8 11 28 16 
0 10 8 11 28 17 
0 10 8 11 28 18 
0 10 8 11 28 19 
0 10 8 11 29 14 
0 10 8 11 29 15 
0 10 8 11 29 16 
0 10 8 11 29 17 
0 10 8 11 29 18 
0 10 8 11 29 19 
0 10 8 11 33 14 
0 10 8 11 33 15 
0 10 8 11 33 16 
0 10 8 11 33 17 
0 10 8 11 33 18 
0 10 8 11 33 19 
0 10 8 11 34 14 
0 10 8 11 34 15 
0 10 8 11 34 16 
0 10 8 11 34 17 
0 10 8 11 34 18 
0 10 8 11 34 19 
0 10 8 11 35 14 
0 10 8 11 35 15 
0 10 8 11 35 16 
0 10 8 11 35 17 
0 10 8 11 35 18 
0 10 8 11 35 19 
0 10 8 14 28 15 
0 10 8 14 28 16 
0 10 8 14 28 17 
0 10 8 14 28 18 
0 10 8 14 28 19 
0 10 8 14 29 15 
0 10 8 14 29 16 
0 10 8 14 29 17 
0 10 8 14 29 18 
0 10 8 14 29 19 
0 10 8 14 33 15 
0 10 8 14 33 16 
0 10 8 14 33 17 
0 10 8 14 33 18 
0 10 8 14 33 19 
0 10 8 14 34 15 
0 10 8 14 34 16 
0 10 8 14 34 17 
0 10 8 14 34 18 
0 10 8 14 34 19 
0 10 8 14 35 15 
0 10 8 14 35 16 
0 10 8 14 35 17 
0 10 8 14 35 18 
0 10 8 14 35 19 
0 10 8 17 28 14 
0 10 8 17 28 15 
0 10 8 17 28 16 
0 10 8 17 28 18 
0 10 8 17 28 19 
0 10 8 17 29 14 
0 10 8 17 29 15 
0 10 8 17 29 16 
0 10 8 17 29 18 
0 10 8 17 29 19 
0 10 8 17 33 14 
0 10 8 17 33 15 
0 10 8 17 33 16 
0 10 8 17 33 18 
0 10 8 17 33 19 
0 10 8 17 34 14 
0 10 8 17 34 15 
0 10 8 17 34 16 
0 10 8 17 34 18 
0 10 8 17 34 19 
0 10 8 17 35 14 
0 10 8 17 35 15 
0 10 8 17 35 16 
0 10 8 17 35 18 
0 10 8 17 35 19 
0 10 8 19 28 14 
0 10 8 19 28 15 
0 10 8 19 28 16 
0 10 8 19 28 17 
0 10 8 19 28 18 
0 10 8 19 29 14 
0 10 8 19 29 15 
0 10 8 19 29 16 
0 10 8 19 29 17 
0 10 8 19 29 18 
0 10 8 19 33 14 
0 10 8 19 33 15 
0 10 8 19 33 16 
0 10 8 19 33 17 
0 10 8 19 33 18 
0 10 8 19 34 14 
0 10 8 19 34 15 
0 10 8 19 34 16 
0 10 8 19 34 17 
0 10 8 19 34 18 
0 10 8 19 35 14 
0 10 8 19 35 15 
0 10 8 19 35 16 
0 10 8 19 35 17 
0 10 8 19 35 18 
0 16 4 8 25 5 
0 16 4 8 25 6 
0 16 4 8 25 7 
0 16 4 8 32 5 
0 16 4 8 32 6 
0 16 4 8 32 7 
0 16 4 12 25 5 
0 16 4 12 25 6 
0 16 4 12 25 7 
0 16 4 12 25 8 
0 16 4 12 32 5 
0 16 4 12 32 6 
0 16 4 12 32 7 
0 16 4 12 32 8 
0 16 4 13 25 5 
0 16 4 13 25 6 
0 16 4 13 25 7 
0 16 4 13 25 8 
0 16 4 13 32 5 
0 16 4 13 32 6 
0 16 4 13 32 7 
0 16 4 13 32 8 
0 16 4 15 25 5 
0 16 4 15 25 6 
0 16 4 15 25 7 
0 16 4 15 25 8 
0 16 4 15 32 5 
0 16 4 15 32 6 
0 16 4 15 32 7 
0 16 4 15 32 8 
0 16 5 8 25 9 
0 16 5 8 25 10 
0 16 5 8 25 11 
0 16 5 8 25 12 
0 16 5 8 25 13 
0 16 5 8 32 9 
0 16 5 8 32 10 
0 16 5 8 32 11 
0 16 5 8 32 12 
0 16 5 8 32 13 
0 16 5 12 25 9 
0 16 5 12 25 10 
0 16 5 12 25 11 
0 16 5 12 25 13 
0 16 5 12 32 9 
0 16 5 12 32 10 
0 16 5 12 32 11 
0 16 5 12 32 13 
0 16 5 13 25 9 
0 16 5 13 25 10 
0 16 5 13 25 11 
0 16 5 13 25 12 
0 16 5 13 32 9 
0 16 5 13 32 10 
0 16 5 13 32 11 
0 16 5 13 32 12 
0 16 5 15 25 9 
0 16 5 15 25 10 
0 16 5 15 25 11 
0 16 5 15 25 12 
0 16 5 15 25 13 
0 16 5 15 32 9 
0 16 5 15 32 10 
0 16 5 15 32 11 
0 16 5 15 32 12 
0 16 5 15 32 13 
0 16 6 8 28 4 
0 16 6 8 28 5 
0 16 6 8 28 7 
0 16 6 8 29 4 
0 16 6 8 29 5 
0 16 6 8 29 7 
0 16 6 8 33 4 
0 16 6 8 33 5 
0 16 6 8 33 7 
0 16 6 8 34 4 
0 16 6 8 34 5 
0 16 6 8 34 7 
0 16 6 8 35 4 
0 16 6 8 35 5 
0 16 6 8 35 7 
0 16 6 12 28 4 
0 16 6 12 28 5 
0 16 6 12 28 7 
0 16 6 12 28 8 
0 16 6 12 29 4 
0 16 6 12 29 5 
0 16 6 12 29 7 
0 16 6 12 29 8 
0 16 6 12 33 4 
0 16 6 12 33 5 
0 16 6 12 33 7 
0 16 6 12 33 8 
0 16 6 12 34 4 
0 16 6 12 34 5 
0 16 6 12 34 7 
0 16 6 12 34 8 
0 16 6 12 35 4 
0 16 6 12 35 5 
0 16 6 12 35 7 
0 16 6 12 35 8 
0 16 6 13 28 4 
0 16 6 13 28 5 
0 16 6 13 28 7 
0 16 6 13 28 8 
0 16 6 13 29 4 
0 16 6 13 29 5 
0 16 6 13 29 7 
0 16 6 13 29 8 
0 16 6 13 33 4 
0 16 6 13 33 5 
0 16 6 13 33 7 
0 16 6 13 33 8 
0 16 6 13 34 4 
0 16 6 13 34 5 
0 16 6 13 34 7 
0 16 6 13 34 8 
0 16 6 13 35 4 
0 16 6 13 35 5 
0 16 6 13 35 7 
0 16 6 13 35 8 
0 16 6 15 28 4 
0 16 6 15 28 5 
0 16 6 15 28 7 
0 16 6 15 28 8 
0 16 6 15 29 4 
0 16 6 15 29 5 
0 16 6 15 29 7 
0 16 6 15 29 8 
0 16 6 15 33 4 
0 16 6 15 33 5 
0 16 6 15 33 7 
0 16 6 15 33 8 
0 16 6 15 34 4 
0 16 6 15 34 5 
0 16 6 15 34 7 
0 16 6 15 34 8 
0 16 6 15 35 4 
0 16 6 15 35 5 
0 16 6 15 35 7 
0 16 6 15 35 8 
0 16 7 8 28 9 
0 16 7 8 28 10 
0 16 7 8 28 11 
0 16 7 8 28 12 
0 16 7 8 28 13 
0 16 7 8 29 9 
0 16 7 8 29 10 
0 16 7 8 29 11 
0 16 7 8 29 12 
0 16 7 8 29 13 
0 16 7 8 33 9 
0 16 7 8 33 10 
0 16 7 8 33 11 
0 16 7 8 33 12 
0 16 7 8 33 13 
0 16 7 8 34 9 
0 16 7 8 34 10 
0 16 7 8 34 11 
0 16 7 8 34 12 
0 16 7 8 34 13 
0 16 7 8 35 9 
0 16 7 8 35 10 
0 16 7 8 35 11 
0 16 7 8 35 12 
0 16 7 8 35 13 
0 16 7 12 28 9 
0 16 7 12 28 10 
0 16 7 12 28 11 
0 16 7 12 28 13 
0 16 7 12 29 9 
0 16 7 12 29 10 
0 16 7 12 29 11 
0 16 7 12 29 13 
0 16 7 12 33 9 
0 16 7 12 33 10 
0 16 7 12 33 11 
0 16 7 12 33 13 
0 16 7 12 34 9 
0 16 7 12 34 10 
0 16 7 12 34 11 
0 16 7 12 34 13 
0 16 7 12 35 9 
0 16 7 12 35 10 
0 16 7 12 35 11 
0 16 7 12 35 13 
0 16 7 13 28 9 
0 16 7 13 28 10 
0 16 7 13 28 11 
0 16 7 13 28 12 
0 16 7 13 29 9 
0 16 7 13 29 10 
0 16 7 13 29 11 
0 16 7 13 29 12 
0 16 7 13 33 9 
0 16 7 13 33 10 
0 16 7 13 33 11 
0 16 7 13 33 12 
0 16 7 13 34 9 
0 16 7 13 34 10 
0 16 7 13 34 11 
0 16 7 13 34 12 
0 16 7 13 35 9 
0 16 7 13 35 10 
0 16 7 13 35 11 
0 16 7 13 35 12 
0 16 7 15 28 9 
0 16 7 15 28 10 
0 16 7 15 28 11 
0 16 7 15 28 12 
0 16 7 15 28 13 
0 16 7 15 29 9 
0 16 7 15 29 10 
0 16 7 15 29 11 
0 16 7 15 29 12 
0 16 7 15 29 13 
0 16 7 15 33 9 
0 16 7 15 33 10 
0 16 7 15 33 11 
0 16 7 15 33 12 
0 16 7 15 33 13 
0 16 7 15 34 9 
0 16 7 15 34 10 
0 16 7 15 34 11 
0 16 7 15 34 12 
0 16 7 15 34 13 
0 16 7 15 35 9 
0 16 7 15 35 10 
0 16 7 15 35 11 
0 16 7 15 35 12 
0 16 7 15 35 13 
0 16 8 12 28 14 
0 16 8 12 28 15 
0 16 8 12 28 17 
0 16 8 12 28 18 
0 16 8 12 28 19 
0 16 8 12 29 14 
0 16 8 12 29 15 
0 16 8 12 29 17 
0 16 8 12 29 18 
0 16 8 12 29 19 
0 16 8 12 33 14 
0 16 8 12 33 15 
0 16 8 12 33 17 
0 16 8 12 33 18 
0 16 8 12 33 19 
0 16 8 12 34 14 
0 16 8 12 34 15 
0 16 8 12 34 17 
0 16 8 12 34 18 
0 16 8 12 34 19 
0 16 8 12 35 14 
0 16 8 12 35 15 
0 16 8 12 35 17 
0 16 8 12 35 18 
0 16 8 12 35 19 
0 16 8 13 28 14 
0 16 8 13 28 15 
0 16 8 13 28 17 
0 16 8 13 28 18 
0 16 8 13 28 19 
0 16 8 13 29 14 
0 16 8 13 29 15 
0 16 8 13 29 17 
0 16 8 13 29 18 
0 16 8 13 29 19 
0 16 8 13 33 14 
0 16 8 13 33 15 
0 16 8 13 33 17 
0 16 8 13 33 18 
0 16 8 13 33 19 
0 16 8 13 34 14 
0 16 8 13 34 15 
0 16 8 13 34 17 
0 16 8 13 34 18 
0 16 8 13 34 19 
0 16 8 13 35 14 
0 16 8 13 35 15 
0 16 8 13 35 17 
0 16 8 13 35 18 
0 16 8 13 35 19 
0 16 8 15 28 14 
0 16 8 15 28 17 
0 16 8 15 28 18 
0 16 8 15 28 19 
0 16 8 15 29 14 
0 16 8 15 29 17 
0 16 8 15 29 18 
0 16 8 15 29 19 
0 16 8 15 33 14 
0 16 8 15 33 17 
0 16 8 15 33 18 
0 16 8 15 33 19 
0 16 8 15 34 14 
0 16 8 15 34 17 
0 16 8 15 34 18 
0 16 8 15 34 19 
0 16 8 15 35 14 
0 16 8 15 35 17 
0 16 8 15 35 18 
0 16 8 15 35 19 
0 18 4 8 23 5 
0 18 4 8 23 6 
0 18 4 8 23 7 
0 18 4 8 24 5 
0 18 4 8 24 6 
0 18 4 8 24 7 
0 18 4 8 34 5 
0 18 4 8 34 6 
0 18 4 8 34 7 
0 18 4 12 23 5 
0 18 4 12 23 6 
0 18 4 12 23 7 
0 18 4 12 23 8 
0 18 4 12 24 5 
0 18 4 12 24 6 
0 18 4 12 24 7 
0 18 4 12 24 8 
0 18 4 12 34 5 
0 18 4 12 34 6 
0 18 4 12 34 7 
0 18 4 12 34 8 
0 18 4 13 23 5 
0 18 4 13 23 6 
0 18 4 13 23 7 
0 18 4 13 23 8 
0 18 4 13 24 5 
0 18 4 13 24 6 
0 18 4 13 24 7 
0 18 4 13 24 8 
0 18 4 13 34 5 
0 18 4 13 34 6 
0 18 4 13 34 7 
0 18 4 13 34 8 
0 18 4 15 23 5 
0 18 4 15 23 6 
0 18 4 15 23 7 
0 18 4 15 23 8 
0 18 4 15 24 5 
0 18 4 15 24 6 
0 18 4 15 24 7 
0 18 4 15 24 8 
0 18 4 15 34 5 
0 18 4 15 34 6 
0 18 4 15 34 7 
0 18 4 15 34 8 
0 18 5 8 23 9 
0 18 5 8 23 10 
0 18 5 8 23 11 
0 18 5 8 23 12 
0 18 5 8 23 13 
0 18 5 8 24 9 
0 18 5 8 24 10 
0 18 5 8 24 11 
0 18 5 8 24 12 
0 18 5 8 24 13 
0 18 5 8 34 9 
0 18 5 8 34 10 
0 18 5 8 34 11 
0 18 5 8 34 12 
0 18 5 8 34 13 
0 18 5 12 23 9 
0 18 5 12 23 10 
0 18 5 12 23 11 
0 18 5 12 23 13 
0 18 5 12 24 9 
0 18 5 12 24 10 
0 18 5 12 24 11 
0 18 5 12 24 13 
0 18 5 12 34 9 
0 18 5 12 34 10 
0 18 5 12 34 11 
0 18 5 12 34 13 
0 18 5 13 23 9 
0 18 5 13 23 10 
0 18 5 13 23 11 
0 18 5 13 23 12 
0 18 5 13 24 9 
0 18 5 13 24 10 
0 18 5 13 24 11 
0 18 5 13 24 12 
0 18 5 13 34 9 
0 18 5 13 34 10 
0 18 5 13 34 11 
0 18 5 13 34 12 
0 18 5 15 23 9 
0 18 5 15 23 10 
0 18 5 15 23 11 
0 18 5 15 23 12 
0 18 5 15 23 13 
0 18 5 15 24 9 
0 18 5 15 24 10 
0 18 5 15 24 11 
0 18 5 15 24 12 
0 18 5 15 24 13 
0 18 5 15 34 9 
0 18 5 15 34 10 
0 18 5 15 34 11 
0 18 5 15 34 12 
0 18 5 15 34 13 
0 18 6 8 30 4 
0 18 6 8 30 5 
0 18 6 8 30 7 
0 18 6 8 31 4 
0 18 6 8 31 5 
0 18 6 8 31 7 
0 18 6 12 30 4 
0 18 6 12 30 5 
0 18 6 12 30 7 
0 18 6 12 30 8 
0 18 6 12 31 4 
0 18 6 12 31 5 
0 18 6 12 31 7 
0 18 6 12 31 8 
0 18 6 13 30 4 
0 18 6 13 30 5 
0 18 6 13 30 7 
0 18 6 13 30 8 
0 18 6 13 31 4 
0 18 6 13 31 5 
0 18 6 13 31 7 
0 18 6 13 31 8 
0 18 6 15 30 4 
0 18 6 15 30 5 
0 18 6 15 30 7 
0 18 6 15 30 8 
0 18 6 15 31 4 
0 18 6 15 31 5 
0 18 6 15 31 7 
0 18 6 15 31 8 
0 18 7 8 30 9 
0 18 7 8 30 10 
0 18 7 8 30 11 
0 18 7 8 30 12 
0 18 7 8 30 13 
0 18 7 8 31 9 
0 18 7 8 31 10 
0 18 7 8 31 11 
0 18 7 8 31 12 
0 18 7 8 31 13 
0 18 7 12 30 9 
0 18 7 12 30 10 
0 18 7 12 30 11 
0 18 7 12 30 13 
0 18 7 12 31 9 
0 18 7 12 31 10 
0 18 7 12 31 11 
0 18 7 12 31 13 
0 18 7 13 30 9 
0 18 7 13 30 10 
0 18 7 13 30 11 
0 18 7 13 30 12 
0 18 7 13 31 9 
0 18 7 13 31 10 
0 18 7 13 31 11 
0 18 7 13 31 12 
0 18 7 15 30 9 
0 18 7 15 30 10 
0 18 7 15 30 11 
0 18 7 15 30 12 
0 18 7 15 30 13 
0 18 7 15 31 9 
0 18 7 15 31 10 
0 18 7 15 31 11 
0 18 7 15 31 12 
0 18 7 15 31 13 
0 18 8 12 30 14 
0 18 8 12 30 15 
0 18 8 12 30 16 
0 18 8 12 30 17 
0 18 8 12 30 19 
0 18 8 12 31 14 
0 18 8 12 31 15 
0 18 8 12 31 16 
0 18 8 12 31 17 
0 18 8 12 31 19 
0 18 8 13 30 14 
0 18 8 13 30 15 
0 18 8 13 30 16 
0 18 8 13 30 17 
0 18 8 13 30 19 
0 18 8 13 31 14 
0 18 8 13 31 15 
0 18 8 13 31 16 
0 18 8 13 31 17 
0 18 8 13 31 19 
0 18 8 15 30 14 
0 18 8 15 30 16 
0 18 8 15 30 17 
0 18 8 15 30 19 
0 18 8 15 31 14 
0 18 8 15 31 16 
0 18 8 15 31 17 
0 18 8 15 31 19 
