4
2
0
0
1
0 4 5 6 12 8 
0 4 5 6 12 9 
0 4 5 6 12 10 
0 4 5 6 12 11 
0 4 5 8 12 9 
0 4 5 8 12 10 
0 4 5 8 12 11 
0 4 5 10 12 8 
0 4 5 10 12 9 
0 4 5 10 12 11 
0 4 6 8 13 5 
0 4 6 8 13 7 
0 4 6 8 14 5 
0 4 6 8 14 7 
0 4 6 8 15 5 
0 4 6 8 15 7 
0 4 6 10 13 5 
0 4 6 10 13 7 
0 4 6 10 14 5 
0 4 6 10 14 7 
0 4 6 10 15 5 
0 4 6 10 15 7 
0 4 7 6 12 8 
0 4 7 6 12 9 
0 4 7 6 12 10 
0 4 7 6 12 11 
0 4 7 6 13 8 
0 4 7 6 13 9 
0 4 7 6 13 10 
0 4 7 6 13 11 
0 4 7 8 12 9 
0 4 7 8 12 10 
0 4 7 8 12 11 
0 4 7 8 13 9 
0 4 7 8 13 10 
0 4 7 8 13 11 
0 4 7 10 12 8 
0 4 7 10 12 9 
0 4 7 10 12 11 
0 4 7 10 13 8 
0 4 7 10 13 9 
0 4 7 10 13 11 
0 6 4 8 13 5 
0 6 4 8 13 7 
0 6 4 8 14 5 
0 6 4 8 14 7 
0 6 4 10 13 5 
0 6 4 10 13 7 
0 6 4 10 14 5 
0 6 4 10 14 7 
0 6 5 4 13 8 
0 6 5 4 13 9 
0 6 5 4 13 10 
0 6 5 4 13 11 
0 6 5 4 14 8 
0 6 5 4 14 9 
0 6 5 4 14 10 
0 6 5 4 14 11 
0 6 5 8 13 9 
0 6 5 8 13 10 
0 6 5 8 13 11 
0 6 5 8 14 9 
0 6 5 8 14 10 
0 6 5 8 14 11 
0 6 5 10 13 8 
0 6 5 10 13 9 
0 6 5 10 13 11 
0 6 5 10 14 8 
0 6 5 10 14 9 
0 6 5 10 14 11 
0 6 7 4 15 8 
0 6 7 4 15 9 
0 6 7 4 15 10 
0 6 7 4 15 11 
0 6 7 8 15 9 
0 6 7 8 15 10 
0 6 7 8 15 11 
0 6 7 10 15 8 
0 6 7 10 15 9 
0 6 7 10 15 11 
0 8 4 5 13 6 
0 8 4 5 13 7 
0 8 4 5 14 6 
0 8 4 5 14 7 
0 8 4 7 13 5 
0 8 4 7 13 6 
0 8 4 7 14 5 
0 8 4 7 14 6 
0 8 4 9 13 5 
0 8 4 9 13 6 
0 8 4 9 13 7 
0 8 4 9 14 5 
0 8 4 9 14 6 
0 8 4 9 14 7 
0 8 4 11 13 5 
0 8 4 11 13 6 
0 8 4 11 13 7 
0 8 4 11 14 5 
0 8 4 11 14 6 
0 8 4 11 14 7 
0 8 5 7 13 9 
0 8 5 7 13 10 
0 8 5 7 13 11 
0 8 5 7 14 9 
0 8 5 7 14 10 
0 8 5 7 14 11 
0 8 5 9 13 10 
0 8 5 9 13 11 
0 8 5 9 14 10 
0 8 5 9 14 11 
0 8 5 11 13 9 
0 8 5 11 13 10 
0 8 5 11 14 9 
0 8 5 11 14 10 
0 8 6 5 14 4 
0 8 6 5 14 7 
0 8 6 5 14 4 
0 8 6 5 14 7 
0 8 6 7 14 4 
0 8 6 7 14 5 
0 8 6 7 14 4 
0 8 6 7 14 5 
0 8 6 9 14 4 
0 8 6 9 14 5 
0 8 6 9 14 7 
0 8 6 9 14 4 
0 8 6 9 14 5 
0 8 6 9 14 7 
0 8 6 11 14 4 
0 8 6 11 14 5 
0 8 6 11 14 7 
0 8 6 11 14 4 
0 8 6 11 14 5 
0 8 6 11 14 7 
0 8 7 5 15 9 
0 8 7 5 15 10 
0 8 7 5 15 11 
0 8 7 9 15 10 
0 8 7 9 15 11 
0 8 7 11 15 9 
0 8 7 11 15 10 
0 10 4 5 12 6 
0 10 4 5 12 7 
0 10 4 5 13 6 
0 10 4 5 13 7 
0 10 4 5 15 6 
0 10 4 5 15 7 
0 10 4 7 12 5 
0 10 4 7 12 6 
0 10 4 7 13 5 
0 10 4 7 13 6 
0 10 4 7 15 5 
0 10 4 7 15 6 
0 10 4 9 12 5 
0 10 4 9 12 6 
0 10 4 9 12 7 
0 10 4 9 13 5 
0 10 4 9 13 6 
0 10 4 9 13 7 
0 10 4 9 15 5 
0 10 4 9 15 6 
0 10 4 9 15 7 
0 10 4 11 12 5 
0 10 4 11 12 6 
0 10 4 11 12 7 
0 10 4 11 13 5 
0 10 4 11 13 6 
0 10 4 11 13 7 
0 10 4 11 15 5 
0 10 4 11 15 6 
0 10 4 11 15 7 
0 10 5 7 12 8 
0 10 5 7 12 9 
0 10 5 7 12 11 
0 10 5 7 13 8 
0 10 5 7 13 9 
0 10 5 7 13 11 
0 10 5 7 15 8 
0 10 5 7 15 9 
0 10 5 7 15 11 
0 10 5 9 12 8 
0 10 5 9 12 11 
0 10 5 9 13 8 
0 10 5 9 13 11 
0 10 5 9 15 8 
0 10 5 9 15 11 
0 10 5 11 12 8 
0 10 5 11 12 9 
0 10 5 11 13 8 
0 10 5 11 13 9 
0 10 5 11 15 8 
0 10 5 11 15 9 
0 10 7 5 12 8 
0 10 7 5 12 9 
0 10 7 5 12 11 
0 10 7 5 15 8 
0 10 7 5 15 9 
0 10 7 5 15 11 
0 10 7 9 12 8 
0 10 7 9 12 11 
0 10 7 9 15 8 
0 10 7 9 15 11 
0 10 7 11 12 8 
0 10 7 11 12 9 
0 10 7 11 15 8 
0 10 7 11 15 9 
