4
2
0
3
1
3 5 8 4 13 6 
3 5 8 4 13 7 
3 5 8 4 14 6 
3 5 8 4 14 7 
3 5 8 4 15 6 
3 5 8 4 15 7 
3 5 8 6 13 4 
3 5 8 6 13 7 
3 5 8 6 14 4 
3 5 8 6 14 7 
3 5 8 6 15 4 
3 5 8 6 15 7 
3 5 8 10 13 4 
3 5 8 10 13 6 
3 5 8 10 13 7 
3 5 8 10 14 4 
3 5 8 10 14 6 
3 5 8 10 14 7 
3 5 8 10 15 4 
3 5 8 10 15 6 
3 5 8 10 15 7 
3 5 9 4 13 8 
3 5 9 4 13 10 
3 5 9 4 13 11 
3 5 9 4 14 8 
3 5 9 4 14 10 
3 5 9 4 14 11 
3 5 9 4 15 8 
3 5 9 4 15 10 
3 5 9 4 15 11 
3 5 9 6 13 8 
3 5 9 6 13 10 
3 5 9 6 13 11 
3 5 9 6 14 8 
3 5 9 6 14 10 
3 5 9 6 14 11 
3 5 9 6 15 8 
3 5 9 6 15 10 
3 5 9 6 15 11 
3 5 9 8 13 10 
3 5 9 8 13 11 
3 5 9 8 14 10 
3 5 9 8 14 11 
3 5 9 8 15 10 
3 5 9 8 15 11 
3 5 9 10 13 8 
3 5 9 10 13 11 
3 5 9 10 14 8 
3 5 9 10 14 11 
3 5 9 10 15 8 
3 5 9 10 15 11 
3 5 10 4 12 6 
3 5 10 4 12 7 
3 5 10 4 13 6 
3 5 10 4 13 7 
3 5 10 6 12 4 
3 5 10 6 12 7 
3 5 10 6 13 4 
3 5 10 6 13 7 
3 5 10 8 12 4 
3 5 10 8 12 6 
3 5 10 8 12 7 
3 5 10 8 13 4 
3 5 10 8 13 6 
3 5 10 8 13 7 
3 5 11 4 12 8 
3 5 11 4 12 9 
3 5 11 4 12 10 
3 5 11 4 13 8 
3 5 11 4 13 9 
3 5 11 4 13 10 
3 5 11 6 12 8 
3 5 11 6 12 9 
3 5 11 6 12 10 
3 5 11 6 13 8 
3 5 11 6 13 9 
3 5 11 6 13 10 
3 5 11 8 12 9 
3 5 11 8 12 10 
3 5 11 8 13 9 
3 5 11 8 13 10 
3 5 11 10 12 8 
3 5 11 10 12 9 
3 5 11 10 13 8 
3 5 11 10 13 9 
3 7 10 4 12 5 
3 7 10 4 12 6 
3 7 10 4 15 5 
3 7 10 4 15 6 
3 7 10 6 12 4 
3 7 10 6 12 5 
3 7 10 6 15 4 
3 7 10 6 15 5 
3 7 10 8 12 4 
3 7 10 8 12 5 
3 7 10 8 12 6 
3 7 10 8 15 4 
3 7 10 8 15 5 
3 7 10 8 15 6 
3 7 11 4 12 8 
3 7 11 4 12 9 
3 7 11 4 12 10 
3 7 11 4 15 8 
3 7 11 4 15 9 
3 7 11 4 15 10 
3 7 11 6 12 8 
3 7 11 6 12 9 
3 7 11 6 12 10 
3 7 11 6 15 8 
3 7 11 6 15 9 
3 7 11 6 15 10 
3 7 11 8 12 9 
3 7 11 8 12 10 
3 7 11 8 15 9 
3 7 11 8 15 10 
3 7 11 10 12 8 
3 7 11 10 12 9 
3 7 11 10 15 8 
3 7 11 10 15 9 
3 9 8 5 14 4 
3 9 8 5 14 6 
3 9 8 5 14 7 
3 9 8 5 14 4 
3 9 8 5 14 6 
3 9 8 5 14 7 
3 9 8 7 14 4 
3 9 8 7 14 5 
3 9 8 7 14 6 
3 9 8 7 14 4 
3 9 8 7 14 5 
3 9 8 7 14 6 
3 9 8 11 14 4 
3 9 8 11 14 5 
3 9 8 11 14 6 
3 9 8 11 14 7 
3 9 8 11 14 4 
3 9 8 11 14 5 
3 9 8 11 14 6 
3 9 8 11 14 7 
3 9 10 5 15 4 
3 9 10 5 15 6 
3 9 10 5 15 7 
3 9 10 7 15 4 
3 9 10 7 15 5 
3 9 10 7 15 6 
3 9 10 11 15 4 
3 9 10 11 15 5 
3 9 10 11 15 6 
3 9 10 11 15 7 
3 9 11 5 15 8 
3 9 11 5 15 10 
3 9 11 7 15 8 
3 9 11 7 15 10 
3 11 10 5 12 4 
3 11 10 5 12 6 
3 11 10 5 12 7 
3 11 10 5 15 4 
3 11 10 5 15 6 
3 11 10 5 15 7 
3 11 10 7 12 4 
3 11 10 7 12 5 
3 11 10 7 12 6 
3 11 10 7 15 4 
3 11 10 7 15 5 
3 11 10 7 15 6 
3 11 10 9 12 4 
3 11 10 9 12 5 
3 11 10 9 12 6 
3 11 10 9 12 7 
3 11 10 9 15 4 
3 11 10 9 15 5 
3 11 10 9 15 6 
3 11 10 9 15 7 
