4
2
0
1
1
6
1 4 8 6 13 5 
1 4 8 6 13 7 
1 4 8 6 14 5 
1 4 8 6 14 7 
1 4 8 6 15 5 
1 4 8 6 15 7 
1 4 8 10 13 5 
1 4 8 10 13 6 
1 4 8 10 13 7 
1 4 8 10 14 5 
1 4 8 10 14 6 
1 4 8 10 14 7 
1 4 8 10 15 5 
1 4 8 10 15 6 
1 4 8 10 15 7 
1 4 9 6 13 8 
1 4 9 6 13 10 
1 4 9 6 13 11 
1 4 9 6 14 8 
1 4 9 6 14 10 
1 4 9 6 14 11 
1 4 9 6 15 8 
1 4 9 6 15 10 
1 4 9 6 15 11 
1 4 9 8 13 10 
1 4 9 8 13 11 
1 4 9 8 14 10 
1 4 9 8 14 11 
1 4 9 8 15 10 
1 4 9 8 15 11 
1 4 9 10 13 8 
1 4 9 10 13 11 
1 4 9 10 14 8 
1 4 9 10 14 11 
1 4 9 10 15 8 
1 4 9 10 15 11 
1 4 10 6 12 5 
1 4 10 6 12 7 
1 4 10 6 13 5 
1 4 10 6 13 7 
1 4 10 8 12 5 
1 4 10 8 12 6 
1 4 10 8 12 7 
1 4 10 8 13 5 
1 4 10 8 13 6 
1 4 10 8 13 7 
1 4 11 6 12 8 
1 4 11 6 12 9 
1 4 11 6 12 10 
1 4 11 6 13 8 
1 4 11 6 13 9 
1 4 11 6 13 10 
1 4 11 8 12 9 
1 4 11 8 12 10 
1 4 11 8 13 9 
1 4 11 8 13 10 
1 4 11 10 12 8 
1 4 11 10 12 9 
1 4 11 10 13 8 
1 4 11 10 13 9 
1 6 8 4 14 5 
1 6 8 4 14 7 
1 6 8 4 14 5 
1 6 8 4 14 7 
1 6 8 10 14 4 
1 6 8 10 14 5 
1 6 8 10 14 7 
1 6 8 10 14 4 
1 6 8 10 14 5 
1 6 8 10 14 7 
1 6 9 4 14 8 
1 6 9 4 14 10 
1 6 9 4 14 11 
1 6 9 4 14 8 
1 6 9 4 14 10 
1 6 9 4 14 11 
1 6 9 8 14 10 
1 6 9 8 14 11 
1 6 9 8 14 10 
1 6 9 8 14 11 
1 6 9 10 14 8 
1 6 9 10 14 11 
1 6 9 10 14 8 
1 6 9 10 14 11 
1 6 10 4 15 5 
1 6 10 4 15 7 
1 6 10 8 15 4 
1 6 10 8 15 5 
1 6 10 8 15 7 
1 6 11 4 15 8 
1 6 11 4 15 9 
1 6 11 4 15 10 
1 6 11 8 15 9 
1 6 11 8 15 10 
1 6 11 10 15 8 
1 6 11 10 15 9 
1 8 9 5 14 10 
1 8 9 5 14 11 
1 8 9 5 14 10 
1 8 9 5 14 11 
1 8 9 7 14 10 
1 8 9 7 14 11 
1 8 9 7 14 10 
1 8 9 7 14 11 
1 8 9 11 14 10 
1 8 9 11 14 10 
1 8 10 5 15 4 
1 8 10 5 15 6 
1 8 10 5 15 7 
1 8 10 7 15 4 
1 8 10 7 15 5 
1 8 10 7 15 6 
1 8 10 9 15 4 
1 8 10 9 15 5 
1 8 10 9 15 6 
1 8 10 9 15 7 
1 8 10 11 15 4 
1 8 10 11 15 5 
1 8 10 11 15 6 
1 8 10 11 15 7 
1 8 11 5 15 9 
1 8 11 5 15 10 
1 8 11 7 15 9 
1 8 11 7 15 10 
1 8 11 9 15 10 
1 10 11 5 12 8 
1 10 11 5 12 9 
1 10 11 5 15 8 
1 10 11 5 15 9 
1 10 11 7 12 8 
1 10 11 7 12 9 
1 10 11 7 15 8 
1 10 11 7 15 9 
1 10 11 9 12 8 
1 10 11 9 15 8 
