4
2
0
2
1
6
2 5 4 6 12 7 
2 5 4 8 12 6 
2 5 4 8 12 7 
2 5 4 10 12 6 
2 5 4 10 12 7 
2 5 6 4 13 7 
2 5 6 4 14 7 
2 5 6 4 15 7 
2 5 6 8 13 4 
2 5 6 8 13 7 
2 5 6 8 14 4 
2 5 6 8 14 7 
2 5 6 8 15 4 
2 5 6 8 15 7 
2 5 6 10 13 4 
2 5 6 10 13 7 
2 5 6 10 14 4 
2 5 6 10 14 7 
2 5 6 10 15 4 
2 5 6 10 15 7 
2 5 7 4 12 8 
2 5 7 4 12 9 
2 5 7 4 12 10 
2 5 7 4 12 11 
2 5 7 4 13 8 
2 5 7 4 13 9 
2 5 7 4 13 10 
2 5 7 4 13 11 
2 5 7 6 12 8 
2 5 7 6 12 9 
2 5 7 6 12 10 
2 5 7 6 12 11 
2 5 7 6 13 8 
2 5 7 6 13 9 
2 5 7 6 13 10 
2 5 7 6 13 11 
2 5 7 8 12 9 
2 5 7 8 12 10 
2 5 7 8 12 11 
2 5 7 8 13 9 
2 5 7 8 13 10 
2 5 7 8 13 11 
2 5 7 10 12 8 
2 5 7 10 12 9 
2 5 7 10 12 11 
2 5 7 10 13 8 
2 5 7 10 13 9 
2 5 7 10 13 11 
2 7 4 6 12 5 
2 7 4 6 13 5 
2 7 4 6 15 5 
2 7 4 8 12 5 
2 7 4 8 12 6 
2 7 4 8 13 5 
2 7 4 8 13 6 
2 7 4 8 15 5 
2 7 4 8 15 6 
2 7 4 10 12 5 
2 7 4 10 12 6 
2 7 4 10 13 5 
2 7 4 10 13 6 
2 7 4 10 15 5 
2 7 4 10 15 6 
2 7 5 4 12 8 
2 7 5 4 12 9 
2 7 5 4 12 10 
2 7 5 4 12 11 
2 7 5 4 13 8 
2 7 5 4 13 9 
2 7 5 4 13 10 
2 7 5 4 13 11 
2 7 5 4 15 8 
2 7 5 4 15 9 
2 7 5 4 15 10 
2 7 5 4 15 11 
2 7 5 6 12 8 
2 7 5 6 12 9 
2 7 5 6 12 10 
2 7 5 6 12 11 
2 7 5 6 13 8 
2 7 5 6 13 9 
2 7 5 6 13 10 
2 7 5 6 13 11 
2 7 5 6 15 8 
2 7 5 6 15 9 
2 7 5 6 15 10 
2 7 5 6 15 11 
2 7 5 8 12 9 
2 7 5 8 12 10 
2 7 5 8 12 11 
2 7 5 8 13 9 
2 7 5 8 13 10 
2 7 5 8 13 11 
2 7 5 8 15 9 
2 7 5 8 15 10 
2 7 5 8 15 11 
2 7 5 10 12 8 
2 7 5 10 12 9 
2 7 5 10 12 11 
2 7 5 10 13 8 
2 7 5 10 13 9 
2 7 5 10 13 11 
2 7 5 10 15 8 
2 7 5 10 15 9 
2 7 5 10 15 11 
2 9 4 5 13 6 
2 9 4 5 13 7 
2 9 4 5 14 6 
2 9 4 5 14 7 
2 9 4 7 13 5 
2 9 4 7 13 6 
2 9 4 7 14 5 
2 9 4 7 14 6 
2 9 4 11 13 5 
2 9 4 11 13 6 
2 9 4 11 13 7 
2 9 4 11 14 5 
2 9 4 11 14 6 
2 9 4 11 14 7 
2 9 5 7 13 8 
2 9 5 7 13 10 
2 9 5 7 13 11 
2 9 5 7 14 8 
2 9 5 7 14 10 
2 9 5 7 14 11 
2 9 5 11 13 8 
2 9 5 11 13 10 
2 9 5 11 14 8 
2 9 5 11 14 10 
2 9 6 5 14 4 
2 9 6 5 14 7 
2 9 6 5 14 4 
2 9 6 5 14 7 
2 9 6 7 14 4 
2 9 6 7 14 5 
2 9 6 7 14 4 
2 9 6 7 14 5 
2 9 6 11 14 4 
2 9 6 11 14 5 
2 9 6 11 14 7 
2 9 6 11 14 4 
2 9 6 11 14 5 
2 9 6 11 14 7 
2 9 7 5 15 8 
2 9 7 5 15 10 
2 9 7 5 15 11 
2 9 7 11 15 8 
2 9 7 11 15 10 
2 11 4 5 12 6 
2 11 4 5 12 7 
2 11 4 5 13 6 
2 11 4 5 13 7 
2 11 4 5 15 6 
2 11 4 5 15 7 
2 11 4 7 12 5 
2 11 4 7 12 6 
2 11 4 7 13 5 
2 11 4 7 13 6 
2 11 4 7 15 5 
2 11 4 7 15 6 
2 11 4 9 12 5 
2 11 4 9 12 6 
2 11 4 9 12 7 
2 11 4 9 13 5 
2 11 4 9 13 6 
2 11 4 9 13 7 
2 11 4 9 15 5 
2 11 4 9 15 6 
2 11 4 9 15 7 
2 11 5 7 12 8 
2 11 5 7 12 9 
2 11 5 7 12 10 
2 11 5 7 13 8 
2 11 5 7 13 9 
2 11 5 7 13 10 
2 11 5 7 15 8 
2 11 5 7 15 9 
2 11 5 7 15 10 
2 11 5 9 12 8 
2 11 5 9 12 10 
2 11 5 9 13 8 
2 11 5 9 13 10 
2 11 5 9 15 8 
2 11 5 9 15 10 
2 11 7 5 12 8 
2 11 7 5 12 9 
2 11 7 5 12 10 
2 11 7 5 15 8 
2 11 7 5 15 9 
2 11 7 5 15 10 
2 11 7 9 12 8 
2 11 7 9 12 10 
2 11 7 9 15 8 
2 11 7 9 15 10 
