7
2
0
1
1
6
1 4 17 5 24 6 
1 4 17 5 24 7 
1 4 17 5 24 8 
1 4 17 5 24 9 
1 4 17 5 27 6 
1 4 17 5 27 7 
1 4 17 5 27 8 
1 4 17 5 27 9 
1 4 17 5 28 6 
1 4 17 5 28 7 
1 4 17 5 28 8 
1 4 17 5 28 9 
1 4 17 15 24 5 
1 4 17 15 24 6 
1 4 17 15 24 7 
1 4 17 15 24 8 
1 4 17 15 24 9 
1 4 17 15 27 5 
1 4 17 15 27 6 
1 4 17 15 27 7 
1 4 17 15 27 8 
1 4 17 15 27 9 
1 4 17 15 28 5 
1 4 17 15 28 6 
1 4 17 15 28 7 
1 4 17 15 28 8 
1 4 17 15 28 9 
1 4 17 19 24 5 
1 4 17 19 24 6 
1 4 17 19 24 7 
1 4 17 19 24 8 
1 4 17 19 24 9 
1 4 17 19 27 5 
1 4 17 19 27 6 
1 4 17 19 27 7 
1 4 17 19 27 8 
1 4 17 19 27 9 
1 4 17 19 28 5 
1 4 17 19 28 6 
1 4 17 19 28 7 
1 4 17 19 28 8 
1 4 17 19 28 9 
1 4 17 20 24 5 
1 4 17 20 24 6 
1 4 17 20 24 7 
1 4 17 20 24 8 
1 4 17 20 24 9 
1 4 17 20 27 5 
1 4 17 20 27 6 
1 4 17 20 27 7 
1 4 17 20 27 8 
1 4 17 20 27 9 
1 4 17 20 28 5 
1 4 17 20 28 6 
1 4 17 20 28 7 
1 4 17 20 28 8 
1 4 17 20 28 9 
1 4 17 23 24 5 
1 4 17 23 24 6 
1 4 17 23 24 7 
1 4 17 23 24 8 
1 4 17 23 24 9 
1 4 17 23 27 5 
1 4 17 23 27 6 
1 4 17 23 27 7 
1 4 17 23 27 8 
1 4 17 23 27 9 
1 4 17 23 28 5 
1 4 17 23 28 6 
1 4 17 23 28 7 
1 4 17 23 28 8 
1 4 17 23 28 9 
1 4 18 5 24 10 
1 4 18 5 24 11 
1 4 18 5 24 12 
1 4 18 5 24 13 
1 4 18 5 24 14 
1 4 18 5 24 15 
1 4 18 5 24 16 
1 4 18 5 27 10 
1 4 18 5 27 11 
1 4 18 5 27 12 
1 4 18 5 27 13 
1 4 18 5 27 14 
1 4 18 5 27 15 
1 4 18 5 27 16 
1 4 18 5 28 10 
1 4 18 5 28 11 
1 4 18 5 28 12 
1 4 18 5 28 13 
1 4 18 5 28 14 
1 4 18 5 28 15 
1 4 18 5 28 16 
1 4 18 15 24 10 
1 4 18 15 24 11 
1 4 18 15 24 12 
1 4 18 15 24 13 
1 4 18 15 24 14 
1 4 18 15 24 16 
1 4 18 15 27 10 
1 4 18 15 27 11 
1 4 18 15 27 12 
1 4 18 15 27 13 
1 4 18 15 27 14 
1 4 18 15 27 16 
1 4 18 15 28 10 
1 4 18 15 28 11 
1 4 18 15 28 12 
1 4 18 15 28 13 
1 4 18 15 28 14 
1 4 18 15 28 16 
1 4 18 17 24 10 
1 4 18 17 24 11 
1 4 18 17 24 12 
1 4 18 17 24 13 
1 4 18 17 24 14 
1 4 18 17 24 15 
1 4 18 17 24 16 
1 4 18 17 27 10 
1 4 18 17 27 11 
1 4 18 17 27 12 
1 4 18 17 27 13 
1 4 18 17 27 14 
1 4 18 17 27 15 
1 4 18 17 27 16 
1 4 18 17 28 10 
1 4 18 17 28 11 
1 4 18 17 28 12 
1 4 18 17 28 13 
1 4 18 17 28 14 
1 4 18 17 28 15 
1 4 18 17 28 16 
1 4 18 19 24 10 
1 4 18 19 24 11 
1 4 18 19 24 12 
1 4 18 19 24 13 
1 4 18 19 24 14 
1 4 18 19 24 15 
1 4 18 19 24 16 
1 4 18 19 27 10 
1 4 18 19 27 11 
1 4 18 19 27 12 
1 4 18 19 27 13 
1 4 18 19 27 14 
1 4 18 19 27 15 
1 4 18 19 27 16 
1 4 18 19 28 10 
1 4 18 19 28 11 
1 4 18 19 28 12 
1 4 18 19 28 13 
1 4 18 19 28 14 
1 4 18 19 28 15 
1 4 18 19 28 16 
1 4 18 20 24 10 
1 4 18 20 24 11 
1 4 18 20 24 12 
1 4 18 20 24 13 
1 4 18 20 24 14 
1 4 18 20 24 15 
1 4 18 20 24 16 
1 4 18 20 27 10 
1 4 18 20 27 11 
1 4 18 20 27 12 
1 4 18 20 27 13 
1 4 18 20 27 14 
1 4 18 20 27 15 
1 4 18 20 27 16 
1 4 18 20 28 10 
1 4 18 20 28 11 
1 4 18 20 28 12 
1 4 18 20 28 13 
1 4 18 20 28 14 
1 4 18 20 28 15 
1 4 18 20 28 16 
1 4 18 23 24 10 
1 4 18 23 24 11 
1 4 18 23 24 12 
1 4 18 23 24 13 
1 4 18 23 24 14 
1 4 18 23 24 15 
1 4 18 23 24 16 
1 4 18 23 27 10 
1 4 18 23 27 11 
1 4 18 23 27 12 
1 4 18 23 27 13 
1 4 18 23 27 14 
1 4 18 23 27 15 
1 4 18 23 27 16 
1 4 18 23 28 10 
1 4 18 23 28 11 
1 4 18 23 28 12 
1 4 18 23 28 13 
1 4 18 23 28 14 
1 4 18 23 28 15 
1 4 18 23 28 16 
1 4 19 5 27 6 
1 4 19 5 27 7 
1 4 19 5 27 8 
1 4 19 5 27 9 
1 4 19 5 38 6 
1 4 19 5 38 7 
1 4 19 5 38 8 
1 4 19 5 38 9 
1 4 19 5 39 6 
1 4 19 5 39 7 
1 4 19 5 39 8 
1 4 19 5 39 9 
1 4 19 15 27 5 
1 4 19 15 27 6 
1 4 19 15 27 7 
1 4 19 15 27 8 
1 4 19 15 27 9 
1 4 19 15 38 5 
1 4 19 15 38 6 
1 4 19 15 38 7 
1 4 19 15 38 8 
1 4 19 15 38 9 
1 4 19 15 39 5 
1 4 19 15 39 6 
1 4 19 15 39 7 
1 4 19 15 39 8 
1 4 19 15 39 9 
1 4 19 17 27 5 
1 4 19 17 27 6 
1 4 19 17 27 7 
1 4 19 17 27 8 
1 4 19 17 27 9 
1 4 19 17 38 5 
1 4 19 17 38 6 
1 4 19 17 38 7 
1 4 19 17 38 8 
1 4 19 17 38 9 
1 4 19 17 39 5 
1 4 19 17 39 6 
1 4 19 17 39 7 
1 4 19 17 39 8 
1 4 19 17 39 9 
1 4 19 20 27 5 
1 4 19 20 27 6 
1 4 19 20 27 7 
1 4 19 20 27 8 
1 4 19 20 27 9 
1 4 19 20 38 5 
1 4 19 20 38 6 
1 4 19 20 38 7 
1 4 19 20 38 8 
1 4 19 20 38 9 
1 4 19 20 39 5 
1 4 19 20 39 6 
1 4 19 20 39 7 
1 4 19 20 39 8 
1 4 19 20 39 9 
1 4 19 23 27 5 
1 4 19 23 27 6 
1 4 19 23 27 7 
1 4 19 23 27 8 
1 4 19 23 27 9 
1 4 19 23 38 5 
1 4 19 23 38 6 
1 4 19 23 38 7 
1 4 19 23 38 8 
1 4 19 23 38 9 
1 4 19 23 39 5 
1 4 19 23 39 6 
1 4 19 23 39 7 
1 4 19 23 39 8 
1 4 19 23 39 9 
1 4 20 5 29 6 
1 4 20 5 29 7 
1 4 20 5 29 8 
1 4 20 5 29 9 
1 4 20 5 41 6 
1 4 20 5 41 7 
1 4 20 5 41 8 
1 4 20 5 41 9 
1 4 20 15 29 5 
1 4 20 15 29 6 
1 4 20 15 29 7 
1 4 20 15 29 8 
1 4 20 15 29 9 
1 4 20 15 41 5 
1 4 20 15 41 6 
1 4 20 15 41 7 
1 4 20 15 41 8 
1 4 20 15 41 9 
1 4 20 17 29 5 
1 4 20 17 29 6 
1 4 20 17 29 7 
1 4 20 17 29 8 
1 4 20 17 29 9 
1 4 20 17 41 5 
1 4 20 17 41 6 
1 4 20 17 41 7 
1 4 20 17 41 8 
1 4 20 17 41 9 
1 4 20 19 29 5 
1 4 20 19 29 6 
1 4 20 19 29 7 
1 4 20 19 29 8 
1 4 20 19 29 9 
1 4 20 19 41 5 
1 4 20 19 41 6 
1 4 20 19 41 7 
1 4 20 19 41 8 
1 4 20 19 41 9 
1 4 20 23 29 5 
1 4 20 23 29 6 
1 4 20 23 29 7 
1 4 20 23 29 8 
1 4 20 23 29 9 
1 4 20 23 41 5 
1 4 20 23 41 6 
1 4 20 23 41 7 
1 4 20 23 41 8 
1 4 20 23 41 9 
1 4 21 5 29 17 
1 4 21 5 29 18 
1 4 21 5 29 19 
1 4 21 5 29 20 
1 4 21 5 29 22 
1 4 21 5 29 23 
1 4 21 5 41 17 
1 4 21 5 41 18 
1 4 21 5 41 19 
1 4 21 5 41 20 
1 4 21 5 41 22 
1 4 21 5 41 23 
1 4 21 15 29 17 
1 4 21 15 29 18 
1 4 21 15 29 19 
1 4 21 15 29 20 
1 4 21 15 29 22 
1 4 21 15 29 23 
1 4 21 15 41 17 
1 4 21 15 41 18 
1 4 21 15 41 19 
1 4 21 15 41 20 
1 4 21 15 41 22 
1 4 21 15 41 23 
1 4 21 17 29 18 
1 4 21 17 29 19 
1 4 21 17 29 20 
1 4 21 17 29 22 
1 4 21 17 29 23 
1 4 21 17 41 18 
1 4 21 17 41 19 
1 4 21 17 41 20 
1 4 21 17 41 22 
1 4 21 17 41 23 
1 4 21 19 29 17 
1 4 21 19 29 18 
1 4 21 19 29 20 
1 4 21 19 29 22 
1 4 21 19 29 23 
1 4 21 19 41 17 
1 4 21 19 41 18 
1 4 21 19 41 20 
1 4 21 19 41 22 
1 4 21 19 41 23 
1 4 21 20 29 17 
1 4 21 20 29 18 
1 4 21 20 29 19 
1 4 21 20 29 22 
1 4 21 20 29 23 
1 4 21 20 41 17 
1 4 21 20 41 18 
1 4 21 20 41 19 
1 4 21 20 41 22 
1 4 21 20 41 23 
1 4 21 23 29 17 
1 4 21 23 29 18 
1 4 21 23 29 19 
1 4 21 23 29 20 
1 4 21 23 29 22 
1 4 21 23 41 17 
1 4 21 23 41 18 
1 4 21 23 41 19 
1 4 21 23 41 20 
1 4 21 23 41 22 
1 4 22 5 28 17 
1 4 22 5 28 18 
1 4 22 5 28 19 
1 4 22 5 28 20 
1 4 22 5 28 21 
1 4 22 5 28 23 
1 4 22 5 36 17 
1 4 22 5 36 18 
1 4 22 5 36 19 
1 4 22 5 36 20 
1 4 22 5 36 21 
1 4 22 5 36 23 
1 4 22 15 28 17 
1 4 22 15 28 18 
1 4 22 15 28 19 
1 4 22 15 28 20 
1 4 22 15 28 21 
1 4 22 15 28 23 
1 4 22 15 36 17 
1 4 22 15 36 18 
1 4 22 15 36 19 
1 4 22 15 36 20 
1 4 22 15 36 21 
1 4 22 15 36 23 
1 4 22 17 28 18 
1 4 22 17 28 19 
1 4 22 17 28 20 
1 4 22 17 28 21 
1 4 22 17 28 23 
1 4 22 17 36 18 
1 4 22 17 36 19 
1 4 22 17 36 20 
1 4 22 17 36 21 
1 4 22 17 36 23 
1 4 22 19 28 17 
1 4 22 19 28 18 
1 4 22 19 28 20 
1 4 22 19 28 21 
1 4 22 19 28 23 
1 4 22 19 36 17 
1 4 22 19 36 18 
1 4 22 19 36 20 
1 4 22 19 36 21 
1 4 22 19 36 23 
1 4 22 20 28 17 
1 4 22 20 28 18 
1 4 22 20 28 19 
1 4 22 20 28 21 
1 4 22 20 28 23 
1 4 22 20 36 17 
1 4 22 20 36 18 
1 4 22 20 36 19 
1 4 22 20 36 21 
1 4 22 20 36 23 
1 4 22 23 28 17 
1 4 22 23 28 18 
1 4 22 23 28 19 
1 4 22 23 28 20 
1 4 22 23 28 21 
1 4 22 23 36 17 
1 4 22 23 36 18 
1 4 22 23 36 19 
1 4 22 23 36 20 
1 4 22 23 36 21 
1 4 23 5 33 6 
1 4 23 5 33 7 
1 4 23 5 33 8 
1 4 23 5 33 9 
1 4 23 5 42 6 
1 4 23 5 42 7 
1 4 23 5 42 8 
1 4 23 5 42 9 
1 4 23 5 43 6 
1 4 23 5 43 7 
1 4 23 5 43 8 
1 4 23 5 43 9 
1 4 23 15 33 5 
1 4 23 15 33 6 
1 4 23 15 33 7 
1 4 23 15 33 8 
1 4 23 15 33 9 
1 4 23 15 42 5 
1 4 23 15 42 6 
1 4 23 15 42 7 
1 4 23 15 42 8 
1 4 23 15 42 9 
1 4 23 15 43 5 
1 4 23 15 43 6 
1 4 23 15 43 7 
1 4 23 15 43 8 
1 4 23 15 43 9 
1 4 23 17 33 5 
1 4 23 17 33 6 
1 4 23 17 33 7 
1 4 23 17 33 8 
1 4 23 17 33 9 
1 4 23 17 42 5 
1 4 23 17 42 6 
1 4 23 17 42 7 
1 4 23 17 42 8 
1 4 23 17 42 9 
1 4 23 17 43 5 
1 4 23 17 43 6 
1 4 23 17 43 7 
1 4 23 17 43 8 
1 4 23 17 43 9 
1 4 23 19 33 5 
1 4 23 19 33 6 
1 4 23 19 33 7 
1 4 23 19 33 8 
1 4 23 19 33 9 
1 4 23 19 42 5 
1 4 23 19 42 6 
1 4 23 19 42 7 
1 4 23 19 42 8 
1 4 23 19 42 9 
1 4 23 19 43 5 
1 4 23 19 43 6 
1 4 23 19 43 7 
1 4 23 19 43 8 
1 4 23 19 43 9 
1 4 23 20 33 5 
1 4 23 20 33 6 
1 4 23 20 33 7 
1 4 23 20 33 8 
1 4 23 20 33 9 
1 4 23 20 42 5 
1 4 23 20 42 6 
1 4 23 20 42 7 
1 4 23 20 42 8 
1 4 23 20 42 9 
1 4 23 20 43 5 
1 4 23 20 43 6 
1 4 23 20 43 7 
1 4 23 20 43 8 
1 4 23 20 43 9 
1 5 17 4 29 6 
1 5 17 4 29 7 
1 5 17 4 29 8 
1 5 17 4 29 9 
1 5 17 4 30 6 
1 5 17 4 30 7 
1 5 17 4 30 8 
1 5 17 4 30 9 
1 5 17 15 29 4 
1 5 17 15 29 6 
1 5 17 15 29 7 
1 5 17 15 29 8 
1 5 17 15 29 9 
1 5 17 15 30 4 
1 5 17 15 30 6 
1 5 17 15 30 7 
1 5 17 15 30 8 
1 5 17 15 30 9 
1 5 17 19 29 4 
1 5 17 19 29 6 
1 5 17 19 29 7 
1 5 17 19 29 8 
1 5 17 19 29 9 
1 5 17 19 30 4 
1 5 17 19 30 6 
1 5 17 19 30 7 
1 5 17 19 30 8 
1 5 17 19 30 9 
1 5 17 20 29 4 
1 5 17 20 29 6 
1 5 17 20 29 7 
1 5 17 20 29 8 
1 5 17 20 29 9 
1 5 17 20 30 4 
1 5 17 20 30 6 
1 5 17 20 30 7 
1 5 17 20 30 8 
1 5 17 20 30 9 
1 5 17 23 29 4 
1 5 17 23 29 6 
1 5 17 23 29 7 
1 5 17 23 29 8 
1 5 17 23 29 9 
1 5 17 23 30 4 
1 5 17 23 30 6 
1 5 17 23 30 7 
1 5 17 23 30 8 
1 5 17 23 30 9 
1 5 18 4 29 10 
1 5 18 4 29 11 
1 5 18 4 29 12 
1 5 18 4 29 13 
1 5 18 4 29 14 
1 5 18 4 29 15 
1 5 18 4 29 16 
1 5 18 4 30 10 
1 5 18 4 30 11 
1 5 18 4 30 12 
1 5 18 4 30 13 
1 5 18 4 30 14 
1 5 18 4 30 15 
1 5 18 4 30 16 
1 5 18 15 29 10 
1 5 18 15 29 11 
1 5 18 15 29 12 
1 5 18 15 29 13 
1 5 18 15 29 14 
1 5 18 15 29 16 
1 5 18 15 30 10 
1 5 18 15 30 11 
1 5 18 15 30 12 
1 5 18 15 30 13 
1 5 18 15 30 14 
1 5 18 15 30 16 
1 5 18 17 29 10 
1 5 18 17 29 11 
1 5 18 17 29 12 
1 5 18 17 29 13 
1 5 18 17 29 14 
1 5 18 17 29 15 
1 5 18 17 29 16 
1 5 18 17 30 10 
1 5 18 17 30 11 
1 5 18 17 30 12 
1 5 18 17 30 13 
1 5 18 17 30 14 
1 5 18 17 30 15 
1 5 18 17 30 16 
1 5 18 19 29 10 
1 5 18 19 29 11 
1 5 18 19 29 12 
1 5 18 19 29 13 
1 5 18 19 29 14 
1 5 18 19 29 15 
1 5 18 19 29 16 
1 5 18 19 30 10 
1 5 18 19 30 11 
1 5 18 19 30 12 
1 5 18 19 30 13 
1 5 18 19 30 14 
1 5 18 19 30 15 
1 5 18 19 30 16 
1 5 18 20 29 10 
1 5 18 20 29 11 
1 5 18 20 29 12 
1 5 18 20 29 13 
1 5 18 20 29 14 
1 5 18 20 29 15 
1 5 18 20 29 16 
1 5 18 20 30 10 
1 5 18 20 30 11 
1 5 18 20 30 12 
1 5 18 20 30 13 
1 5 18 20 30 14 
1 5 18 20 30 15 
1 5 18 20 30 16 
1 5 18 23 29 10 
1 5 18 23 29 11 
1 5 18 23 29 12 
1 5 18 23 29 13 
1 5 18 23 29 14 
1 5 18 23 29 15 
1 5 18 23 29 16 
1 5 18 23 30 10 
1 5 18 23 30 11 
1 5 18 23 30 12 
1 5 18 23 30 13 
1 5 18 23 30 14 
1 5 18 23 30 15 
1 5 18 23 30 16 
1 5 19 4 40 6 
1 5 19 4 40 7 
1 5 19 4 40 8 
1 5 19 4 40 9 
1 5 19 4 41 6 
1 5 19 4 41 7 
1 5 19 4 41 8 
1 5 19 4 41 9 
1 5 19 4 42 6 
1 5 19 4 42 7 
1 5 19 4 42 8 
1 5 19 4 42 9 
1 5 19 15 40 4 
1 5 19 15 40 6 
1 5 19 15 40 7 
1 5 19 15 40 8 
1 5 19 15 40 9 
1 5 19 15 41 4 
1 5 19 15 41 6 
1 5 19 15 41 7 
1 5 19 15 41 8 
1 5 19 15 41 9 
1 5 19 15 42 4 
1 5 19 15 42 6 
1 5 19 15 42 7 
1 5 19 15 42 8 
1 5 19 15 42 9 
1 5 19 17 40 4 
1 5 19 17 40 6 
1 5 19 17 40 7 
1 5 19 17 40 8 
1 5 19 17 40 9 
1 5 19 17 41 4 
1 5 19 17 41 6 
1 5 19 17 41 7 
1 5 19 17 41 8 
1 5 19 17 41 9 
1 5 19 17 42 4 
1 5 19 17 42 6 
1 5 19 17 42 7 
1 5 19 17 42 8 
1 5 19 17 42 9 
1 5 19 20 40 4 
1 5 19 20 40 6 
1 5 19 20 40 7 
1 5 19 20 40 8 
1 5 19 20 40 9 
1 5 19 20 41 4 
1 5 19 20 41 6 
1 5 19 20 41 7 
1 5 19 20 41 8 
1 5 19 20 41 9 
1 5 19 20 42 4 
1 5 19 20 42 6 
1 5 19 20 42 7 
1 5 19 20 42 8 
1 5 19 20 42 9 
1 5 19 23 40 4 
1 5 19 23 40 6 
1 5 19 23 40 7 
1 5 19 23 40 8 
1 5 19 23 40 9 
1 5 19 23 41 4 
1 5 19 23 41 6 
1 5 19 23 41 7 
1 5 19 23 41 8 
1 5 19 23 41 9 
1 5 19 23 42 4 
1 5 19 23 42 6 
1 5 19 23 42 7 
1 5 19 23 42 8 
1 5 19 23 42 9 
1 5 22 4 31 17 
1 5 22 4 31 18 
1 5 22 4 31 19 
1 5 22 4 31 20 
1 5 22 4 31 21 
1 5 22 4 31 23 
1 5 22 4 41 17 
1 5 22 4 41 18 
1 5 22 4 41 19 
1 5 22 4 41 20 
1 5 22 4 41 21 
1 5 22 4 41 23 
1 5 22 4 44 17 
1 5 22 4 44 18 
1 5 22 4 44 19 
1 5 22 4 44 20 
1 5 22 4 44 21 
1 5 22 4 44 23 
1 5 22 15 31 17 
1 5 22 15 31 18 
1 5 22 15 31 19 
1 5 22 15 31 20 
1 5 22 15 31 21 
1 5 22 15 31 23 
1 5 22 15 41 17 
1 5 22 15 41 18 
1 5 22 15 41 19 
1 5 22 15 41 20 
1 5 22 15 41 21 
1 5 22 15 41 23 
1 5 22 15 44 17 
1 5 22 15 44 18 
1 5 22 15 44 19 
1 5 22 15 44 20 
1 5 22 15 44 21 
1 5 22 15 44 23 
1 5 22 17 31 18 
1 5 22 17 31 19 
1 5 22 17 31 20 
1 5 22 17 31 21 
1 5 22 17 31 23 
1 5 22 17 41 18 
1 5 22 17 41 19 
1 5 22 17 41 20 
1 5 22 17 41 21 
1 5 22 17 41 23 
1 5 22 17 44 18 
1 5 22 17 44 19 
1 5 22 17 44 20 
1 5 22 17 44 21 
1 5 22 17 44 23 
1 5 22 19 31 17 
1 5 22 19 31 18 
1 5 22 19 31 20 
1 5 22 19 31 21 
1 5 22 19 31 23 
1 5 22 19 41 17 
1 5 22 19 41 18 
1 5 22 19 41 20 
1 5 22 19 41 21 
1 5 22 19 41 23 
1 5 22 19 44 17 
1 5 22 19 44 18 
1 5 22 19 44 20 
1 5 22 19 44 21 
1 5 22 19 44 23 
1 5 22 20 31 17 
1 5 22 20 31 18 
1 5 22 20 31 19 
1 5 22 20 31 21 
1 5 22 20 31 23 
1 5 22 20 41 17 
1 5 22 20 41 18 
1 5 22 20 41 19 
1 5 22 20 41 21 
1 5 22 20 41 23 
1 5 22 20 44 17 
1 5 22 20 44 18 
1 5 22 20 44 19 
1 5 22 20 44 21 
1 5 22 20 44 23 
1 5 22 23 31 17 
1 5 22 23 31 18 
1 5 22 23 31 19 
1 5 22 23 31 20 
1 5 22 23 31 21 
1 5 22 23 41 17 
1 5 22 23 41 18 
1 5 22 23 41 19 
1 5 22 23 41 20 
1 5 22 23 41 21 
1 5 22 23 44 17 
1 5 22 23 44 18 
1 5 22 23 44 19 
1 5 22 23 44 20 
1 5 22 23 44 21 
1 5 23 4 34 6 
1 5 23 4 34 7 
1 5 23 4 34 8 
1 5 23 4 34 9 
1 5 23 4 35 6 
1 5 23 4 35 7 
1 5 23 4 35 8 
1 5 23 4 35 9 
1 5 23 4 37 6 
1 5 23 4 37 7 
1 5 23 4 37 8 
1 5 23 4 37 9 
1 5 23 4 47 6 
1 5 23 4 47 7 
1 5 23 4 47 8 
1 5 23 4 47 9 
1 5 23 15 34 4 
1 5 23 15 34 6 
1 5 23 15 34 7 
1 5 23 15 34 8 
1 5 23 15 34 9 
1 5 23 15 35 4 
1 5 23 15 35 6 
1 5 23 15 35 7 
1 5 23 15 35 8 
1 5 23 15 35 9 
1 5 23 15 37 4 
1 5 23 15 37 6 
1 5 23 15 37 7 
1 5 23 15 37 8 
1 5 23 15 37 9 
1 5 23 15 47 4 
1 5 23 15 47 6 
1 5 23 15 47 7 
1 5 23 15 47 8 
1 5 23 15 47 9 
1 5 23 17 34 4 
1 5 23 17 34 6 
1 5 23 17 34 7 
1 5 23 17 34 8 
1 5 23 17 34 9 
1 5 23 17 35 4 
1 5 23 17 35 6 
1 5 23 17 35 7 
1 5 23 17 35 8 
1 5 23 17 35 9 
1 5 23 17 37 4 
1 5 23 17 37 6 
1 5 23 17 37 7 
1 5 23 17 37 8 
1 5 23 17 37 9 
1 5 23 17 47 4 
1 5 23 17 47 6 
1 5 23 17 47 7 
1 5 23 17 47 8 
1 5 23 17 47 9 
1 5 23 19 34 4 
1 5 23 19 34 6 
1 5 23 19 34 7 
1 5 23 19 34 8 
1 5 23 19 34 9 
1 5 23 19 35 4 
1 5 23 19 35 6 
1 5 23 19 35 7 
1 5 23 19 35 8 
1 5 23 19 35 9 
1 5 23 19 37 4 
1 5 23 19 37 6 
1 5 23 19 37 7 
1 5 23 19 37 8 
1 5 23 19 37 9 
1 5 23 19 47 4 
1 5 23 19 47 6 
1 5 23 19 47 7 
1 5 23 19 47 8 
1 5 23 19 47 9 
1 5 23 20 34 4 
1 5 23 20 34 6 
1 5 23 20 34 7 
1 5 23 20 34 8 
1 5 23 20 34 9 
1 5 23 20 35 4 
1 5 23 20 35 6 
1 5 23 20 35 7 
1 5 23 20 35 8 
1 5 23 20 35 9 
1 5 23 20 37 4 
1 5 23 20 37 6 
1 5 23 20 37 7 
1 5 23 20 37 8 
1 5 23 20 37 9 
1 5 23 20 47 4 
1 5 23 20 47 6 
1 5 23 20 47 7 
1 5 23 20 47 8 
1 5 23 20 47 9 
1 15 17 7 35 4 
1 15 17 7 35 5 
1 15 17 7 35 6 
1 15 17 7 35 8 
1 15 17 7 35 9 
1 15 17 7 36 4 
1 15 17 7 36 5 
1 15 17 7 36 6 
1 15 17 7 36 8 
1 15 17 7 36 9 
1 15 17 7 37 4 
1 15 17 7 37 5 
1 15 17 7 37 6 
1 15 17 7 37 8 
1 15 17 7 37 9 
1 15 17 8 35 4 
1 15 17 8 35 5 
1 15 17 8 35 6 
1 15 17 8 35 7 
1 15 17 8 35 9 
1 15 17 8 36 4 
1 15 17 8 36 5 
1 15 17 8 36 6 
1 15 17 8 36 7 
1 15 17 8 36 9 
1 15 17 8 37 4 
1 15 17 8 37 5 
1 15 17 8 37 6 
1 15 17 8 37 7 
1 15 17 8 37 9 
1 15 17 10 35 4 
1 15 17 10 35 5 
1 15 17 10 35 6 
1 15 17 10 35 7 
1 15 17 10 35 8 
1 15 17 10 35 9 
1 15 17 10 36 4 
1 15 17 10 36 5 
1 15 17 10 36 6 
1 15 17 10 36 7 
1 15 17 10 36 8 
1 15 17 10 36 9 
1 15 17 10 37 4 
1 15 17 10 37 5 
1 15 17 10 37 6 
1 15 17 10 37 7 
1 15 17 10 37 8 
1 15 17 10 37 9 
1 15 17 12 35 4 
1 15 17 12 35 5 
1 15 17 12 35 6 
1 15 17 12 35 7 
1 15 17 12 35 8 
1 15 17 12 35 9 
1 15 17 12 36 4 
1 15 17 12 36 5 
1 15 17 12 36 6 
1 15 17 12 36 7 
1 15 17 12 36 8 
1 15 17 12 36 9 
1 15 17 12 37 4 
1 15 17 12 37 5 
1 15 17 12 37 6 
1 15 17 12 37 7 
1 15 17 12 37 8 
1 15 17 12 37 9 
1 15 17 13 35 4 
1 15 17 13 35 5 
1 15 17 13 35 6 
1 15 17 13 35 7 
1 15 17 13 35 8 
1 15 17 13 35 9 
1 15 17 13 36 4 
1 15 17 13 36 5 
1 15 17 13 36 6 
1 15 17 13 36 7 
1 15 17 13 36 8 
1 15 17 13 36 9 
1 15 17 13 37 4 
1 15 17 13 37 5 
1 15 17 13 37 6 
1 15 17 13 37 7 
1 15 17 13 37 8 
1 15 17 13 37 9 
1 15 17 18 35 4 
1 15 17 18 35 5 
1 15 17 18 35 6 
1 15 17 18 35 7 
1 15 17 18 35 8 
1 15 17 18 35 9 
1 15 17 18 36 4 
1 15 17 18 36 5 
1 15 17 18 36 6 
1 15 17 18 36 7 
1 15 17 18 36 8 
1 15 17 18 36 9 
1 15 17 18 37 4 
1 15 17 18 37 5 
1 15 17 18 37 6 
1 15 17 18 37 7 
1 15 17 18 37 8 
1 15 17 18 37 9 
1 15 18 7 35 10 
1 15 18 7 35 11 
1 15 18 7 35 12 
1 15 18 7 35 13 
1 15 18 7 35 14 
1 15 18 7 35 16 
1 15 18 7 36 10 
1 15 18 7 36 11 
1 15 18 7 36 12 
1 15 18 7 36 13 
1 15 18 7 36 14 
1 15 18 7 36 16 
1 15 18 7 37 10 
1 15 18 7 37 11 
1 15 18 7 37 12 
1 15 18 7 37 13 
1 15 18 7 37 14 
1 15 18 7 37 16 
1 15 18 8 35 10 
1 15 18 8 35 11 
1 15 18 8 35 12 
1 15 18 8 35 13 
1 15 18 8 35 14 
1 15 18 8 35 16 
1 15 18 8 36 10 
1 15 18 8 36 11 
1 15 18 8 36 12 
1 15 18 8 36 13 
1 15 18 8 36 14 
1 15 18 8 36 16 
1 15 18 8 37 10 
1 15 18 8 37 11 
1 15 18 8 37 12 
1 15 18 8 37 13 
1 15 18 8 37 14 
1 15 18 8 37 16 
1 15 18 10 35 11 
1 15 18 10 35 12 
1 15 18 10 35 13 
1 15 18 10 35 14 
1 15 18 10 35 16 
1 15 18 10 36 11 
1 15 18 10 36 12 
1 15 18 10 36 13 
1 15 18 10 36 14 
1 15 18 10 36 16 
1 15 18 10 37 11 
1 15 18 10 37 12 
1 15 18 10 37 13 
1 15 18 10 37 14 
1 15 18 10 37 16 
1 15 18 12 35 10 
1 15 18 12 35 11 
1 15 18 12 35 13 
1 15 18 12 35 14 
1 15 18 12 35 16 
1 15 18 12 36 10 
1 15 18 12 36 11 
1 15 18 12 36 13 
1 15 18 12 36 14 
1 15 18 12 36 16 
1 15 18 12 37 10 
1 15 18 12 37 11 
1 15 18 12 37 13 
1 15 18 12 37 14 
1 15 18 12 37 16 
1 15 18 13 35 10 
1 15 18 13 35 11 
1 15 18 13 35 12 
1 15 18 13 35 14 
1 15 18 13 35 16 
1 15 18 13 36 10 
1 15 18 13 36 11 
1 15 18 13 36 12 
1 15 18 13 36 14 
1 15 18 13 36 16 
1 15 18 13 37 10 
1 15 18 13 37 11 
1 15 18 13 37 12 
1 15 18 13 37 14 
1 15 18 13 37 16 
1 15 19 7 39 4 
1 15 19 7 39 5 
1 15 19 7 39 6 
1 15 19 7 39 8 
1 15 19 7 39 9 
1 15 19 7 43 4 
1 15 19 7 43 5 
1 15 19 7 43 6 
1 15 19 7 43 8 
1 15 19 7 43 9 
1 15 19 8 39 4 
1 15 19 8 39 5 
1 15 19 8 39 6 
1 15 19 8 39 7 
1 15 19 8 39 9 
1 15 19 8 43 4 
1 15 19 8 43 5 
1 15 19 8 43 6 
1 15 19 8 43 7 
1 15 19 8 43 9 
1 15 19 10 39 4 
1 15 19 10 39 5 
1 15 19 10 39 6 
1 15 19 10 39 7 
1 15 19 10 39 8 
1 15 19 10 39 9 
1 15 19 10 43 4 
1 15 19 10 43 5 
1 15 19 10 43 6 
1 15 19 10 43 7 
1 15 19 10 43 8 
1 15 19 10 43 9 
1 15 19 12 39 4 
1 15 19 12 39 5 
1 15 19 12 39 6 
1 15 19 12 39 7 
1 15 19 12 39 8 
1 15 19 12 39 9 
1 15 19 12 43 4 
1 15 19 12 43 5 
1 15 19 12 43 6 
1 15 19 12 43 7 
1 15 19 12 43 8 
1 15 19 12 43 9 
1 15 19 13 39 4 
1 15 19 13 39 5 
1 15 19 13 39 6 
1 15 19 13 39 7 
1 15 19 13 39 8 
1 15 19 13 39 9 
1 15 19 13 43 4 
1 15 19 13 43 5 
1 15 19 13 43 6 
1 15 19 13 43 7 
1 15 19 13 43 8 
1 15 19 13 43 9 
1 15 19 18 39 4 
1 15 19 18 39 5 
1 15 19 18 39 6 
1 15 19 18 39 7 
1 15 19 18 39 8 
1 15 19 18 39 9 
1 15 19 18 43 4 
1 15 19 18 43 5 
1 15 19 18 43 6 
1 15 19 18 43 7 
1 15 19 18 43 8 
1 15 19 18 43 9 
1 15 20 7 31 4 
1 15 20 7 31 5 
1 15 20 7 31 6 
1 15 20 7 31 8 
1 15 20 7 31 9 
1 15 20 7 42 4 
1 15 20 7 42 5 
1 15 20 7 42 6 
1 15 20 7 42 8 
1 15 20 7 42 9 
1 15 20 7 47 4 
1 15 20 7 47 5 
1 15 20 7 47 6 
1 15 20 7 47 8 
1 15 20 7 47 9 
1 15 20 7 48 4 
1 15 20 7 48 5 
1 15 20 7 48 6 
1 15 20 7 48 8 
1 15 20 7 48 9 
1 15 20 8 31 4 
1 15 20 8 31 5 
1 15 20 8 31 6 
1 15 20 8 31 7 
1 15 20 8 31 9 
1 15 20 8 42 4 
1 15 20 8 42 5 
1 15 20 8 42 6 
1 15 20 8 42 7 
1 15 20 8 42 9 
1 15 20 8 47 4 
1 15 20 8 47 5 
1 15 20 8 47 6 
1 15 20 8 47 7 
1 15 20 8 47 9 
1 15 20 8 48 4 
1 15 20 8 48 5 
1 15 20 8 48 6 
1 15 20 8 48 7 
1 15 20 8 48 9 
1 15 20 10 31 4 
1 15 20 10 31 5 
1 15 20 10 31 6 
1 15 20 10 31 7 
1 15 20 10 31 8 
1 15 20 10 31 9 
1 15 20 10 42 4 
1 15 20 10 42 5 
1 15 20 10 42 6 
1 15 20 10 42 7 
1 15 20 10 42 8 
1 15 20 10 42 9 
1 15 20 10 47 4 
1 15 20 10 47 5 
1 15 20 10 47 6 
1 15 20 10 47 7 
1 15 20 10 47 8 
1 15 20 10 47 9 
1 15 20 10 48 4 
1 15 20 10 48 5 
1 15 20 10 48 6 
1 15 20 10 48 7 
1 15 20 10 48 8 
1 15 20 10 48 9 
1 15 20 12 31 4 
1 15 20 12 31 5 
1 15 20 12 31 6 
1 15 20 12 31 7 
1 15 20 12 31 8 
1 15 20 12 31 9 
1 15 20 12 42 4 
1 15 20 12 42 5 
1 15 20 12 42 6 
1 15 20 12 42 7 
1 15 20 12 42 8 
1 15 20 12 42 9 
1 15 20 12 47 4 
1 15 20 12 47 5 
1 15 20 12 47 6 
1 15 20 12 47 7 
1 15 20 12 47 8 
1 15 20 12 47 9 
1 15 20 12 48 4 
1 15 20 12 48 5 
1 15 20 12 48 6 
1 15 20 12 48 7 
1 15 20 12 48 8 
1 15 20 12 48 9 
1 15 20 13 31 4 
1 15 20 13 31 5 
1 15 20 13 31 6 
1 15 20 13 31 7 
1 15 20 13 31 8 
1 15 20 13 31 9 
1 15 20 13 42 4 
1 15 20 13 42 5 
1 15 20 13 42 6 
1 15 20 13 42 7 
1 15 20 13 42 8 
1 15 20 13 42 9 
1 15 20 13 47 4 
1 15 20 13 47 5 
1 15 20 13 47 6 
1 15 20 13 47 7 
1 15 20 13 47 8 
1 15 20 13 47 9 
1 15 20 13 48 4 
1 15 20 13 48 5 
1 15 20 13 48 6 
1 15 20 13 48 7 
1 15 20 13 48 8 
1 15 20 13 48 9 
1 15 20 18 31 4 
1 15 20 18 31 5 
1 15 20 18 31 6 
1 15 20 18 31 7 
1 15 20 18 31 8 
1 15 20 18 31 9 
1 15 20 18 42 4 
1 15 20 18 42 5 
1 15 20 18 42 6 
1 15 20 18 42 7 
1 15 20 18 42 8 
1 15 20 18 42 9 
1 15 20 18 47 4 
1 15 20 18 47 5 
1 15 20 18 47 6 
1 15 20 18 47 7 
1 15 20 18 47 8 
1 15 20 18 47 9 
1 15 20 18 48 4 
1 15 20 18 48 5 
1 15 20 18 48 6 
1 15 20 18 48 7 
1 15 20 18 48 8 
1 15 20 18 48 9 
1 15 21 7 31 17 
1 15 21 7 31 18 
1 15 21 7 31 19 
1 15 21 7 31 20 
1 15 21 7 31 22 
1 15 21 7 31 23 
1 15 21 7 42 17 
1 15 21 7 42 18 
1 15 21 7 42 19 
1 15 21 7 42 20 
1 15 21 7 42 22 
1 15 21 7 42 23 
1 15 21 7 47 17 
1 15 21 7 47 18 
1 15 21 7 47 19 
1 15 21 7 47 20 
1 15 21 7 47 22 
1 15 21 7 47 23 
1 15 21 7 48 17 
1 15 21 7 48 18 
1 15 21 7 48 19 
1 15 21 7 48 20 
1 15 21 7 48 22 
1 15 21 7 48 23 
1 15 21 8 31 17 
1 15 21 8 31 18 
1 15 21 8 31 19 
1 15 21 8 31 20 
1 15 21 8 31 22 
1 15 21 8 31 23 
1 15 21 8 42 17 
1 15 21 8 42 18 
1 15 21 8 42 19 
1 15 21 8 42 20 
1 15 21 8 42 22 
1 15 21 8 42 23 
1 15 21 8 47 17 
1 15 21 8 47 18 
1 15 21 8 47 19 
1 15 21 8 47 20 
1 15 21 8 47 22 
1 15 21 8 47 23 
1 15 21 8 48 17 
1 15 21 8 48 18 
1 15 21 8 48 19 
1 15 21 8 48 20 
1 15 21 8 48 22 
1 15 21 8 48 23 
1 15 21 10 31 17 
1 15 21 10 31 18 
1 15 21 10 31 19 
1 15 21 10 31 20 
1 15 21 10 31 22 
1 15 21 10 31 23 
1 15 21 10 42 17 
1 15 21 10 42 18 
1 15 21 10 42 19 
1 15 21 10 42 20 
1 15 21 10 42 22 
1 15 21 10 42 23 
1 15 21 10 47 17 
1 15 21 10 47 18 
1 15 21 10 47 19 
1 15 21 10 47 20 
1 15 21 10 47 22 
1 15 21 10 47 23 
1 15 21 10 48 17 
1 15 21 10 48 18 
1 15 21 10 48 19 
1 15 21 10 48 20 
1 15 21 10 48 22 
1 15 21 10 48 23 
1 15 21 12 31 17 
1 15 21 12 31 18 
1 15 21 12 31 19 
1 15 21 12 31 20 
1 15 21 12 31 22 
1 15 21 12 31 23 
1 15 21 12 42 17 
1 15 21 12 42 18 
1 15 21 12 42 19 
1 15 21 12 42 20 
1 15 21 12 42 22 
1 15 21 12 42 23 
1 15 21 12 47 17 
1 15 21 12 47 18 
1 15 21 12 47 19 
1 15 21 12 47 20 
1 15 21 12 47 22 
1 15 21 12 47 23 
1 15 21 12 48 17 
1 15 21 12 48 18 
1 15 21 12 48 19 
1 15 21 12 48 20 
1 15 21 12 48 22 
1 15 21 12 48 23 
1 15 21 13 31 17 
1 15 21 13 31 18 
1 15 21 13 31 19 
1 15 21 13 31 20 
1 15 21 13 31 22 
1 15 21 13 31 23 
1 15 21 13 42 17 
1 15 21 13 42 18 
1 15 21 13 42 19 
1 15 21 13 42 20 
1 15 21 13 42 22 
1 15 21 13 42 23 
1 15 21 13 47 17 
1 15 21 13 47 18 
1 15 21 13 47 19 
1 15 21 13 47 20 
1 15 21 13 47 22 
1 15 21 13 47 23 
1 15 21 13 48 17 
1 15 21 13 48 18 
1 15 21 13 48 19 
1 15 21 13 48 20 
1 15 21 13 48 22 
1 15 21 13 48 23 
1 15 21 18 31 17 
1 15 21 18 31 19 
1 15 21 18 31 20 
1 15 21 18 31 22 
1 15 21 18 31 23 
1 15 21 18 42 17 
1 15 21 18 42 19 
1 15 21 18 42 20 
1 15 21 18 42 22 
1 15 21 18 42 23 
1 15 21 18 47 17 
1 15 21 18 47 19 
1 15 21 18 47 20 
1 15 21 18 47 22 
1 15 21 18 47 23 
1 15 21 18 48 17 
1 15 21 18 48 19 
1 15 21 18 48 20 
1 15 21 18 48 22 
1 15 21 18 48 23 
1 15 22 7 33 17 
1 15 22 7 33 18 
1 15 22 7 33 19 
1 15 22 7 33 20 
1 15 22 7 33 21 
1 15 22 7 33 23 
1 15 22 7 34 17 
1 15 22 7 34 18 
1 15 22 7 34 19 
1 15 22 7 34 20 
1 15 22 7 34 21 
1 15 22 7 34 23 
1 15 22 7 47 17 
1 15 22 7 47 18 
1 15 22 7 47 19 
1 15 22 7 47 20 
1 15 22 7 47 21 
1 15 22 7 47 23 
1 15 22 8 33 17 
1 15 22 8 33 18 
1 15 22 8 33 19 
1 15 22 8 33 20 
1 15 22 8 33 21 
1 15 22 8 33 23 
1 15 22 8 34 17 
1 15 22 8 34 18 
1 15 22 8 34 19 
1 15 22 8 34 20 
1 15 22 8 34 21 
1 15 22 8 34 23 
1 15 22 8 47 17 
1 15 22 8 47 18 
1 15 22 8 47 19 
1 15 22 8 47 20 
1 15 22 8 47 21 
1 15 22 8 47 23 
1 15 22 10 33 17 
1 15 22 10 33 18 
1 15 22 10 33 19 
1 15 22 10 33 20 
1 15 22 10 33 21 
1 15 22 10 33 23 
1 15 22 10 34 17 
1 15 22 10 34 18 
1 15 22 10 34 19 
1 15 22 10 34 20 
1 15 22 10 34 21 
1 15 22 10 34 23 
1 15 22 10 47 17 
1 15 22 10 47 18 
1 15 22 10 47 19 
1 15 22 10 47 20 
1 15 22 10 47 21 
1 15 22 10 47 23 
1 15 22 12 33 17 
1 15 22 12 33 18 
1 15 22 12 33 19 
1 15 22 12 33 20 
1 15 22 12 33 21 
1 15 22 12 33 23 
1 15 22 12 34 17 
1 15 22 12 34 18 
1 15 22 12 34 19 
1 15 22 12 34 20 
1 15 22 12 34 21 
1 15 22 12 34 23 
1 15 22 12 47 17 
1 15 22 12 47 18 
1 15 22 12 47 19 
1 15 22 12 47 20 
1 15 22 12 47 21 
1 15 22 12 47 23 
1 15 22 13 33 17 
1 15 22 13 33 18 
1 15 22 13 33 19 
1 15 22 13 33 20 
1 15 22 13 33 21 
1 15 22 13 33 23 
1 15 22 13 34 17 
1 15 22 13 34 18 
1 15 22 13 34 19 
1 15 22 13 34 20 
1 15 22 13 34 21 
1 15 22 13 34 23 
1 15 22 13 47 17 
1 15 22 13 47 18 
1 15 22 13 47 19 
1 15 22 13 47 20 
1 15 22 13 47 21 
1 15 22 13 47 23 
1 15 22 18 33 17 
1 15 22 18 33 19 
1 15 22 18 33 20 
1 15 22 18 33 21 
1 15 22 18 33 23 
1 15 22 18 34 17 
1 15 22 18 34 19 
1 15 22 18 34 20 
1 15 22 18 34 21 
1 15 22 18 34 23 
1 15 22 18 47 17 
1 15 22 18 47 19 
1 15 22 18 47 20 
1 15 22 18 47 21 
1 15 22 18 47 23 
1 15 23 7 37 4 
1 15 23 7 37 5 
1 15 23 7 37 6 
1 15 23 7 37 8 
1 15 23 7 37 9 
1 15 23 7 42 4 
1 15 23 7 42 5 
1 15 23 7 42 6 
1 15 23 7 42 8 
1 15 23 7 42 9 
1 15 23 7 48 4 
1 15 23 7 48 5 
1 15 23 7 48 6 
1 15 23 7 48 8 
1 15 23 7 48 9 
1 15 23 8 37 4 
1 15 23 8 37 5 
1 15 23 8 37 6 
1 15 23 8 37 7 
1 15 23 8 37 9 
1 15 23 8 42 4 
1 15 23 8 42 5 
1 15 23 8 42 6 
1 15 23 8 42 7 
1 15 23 8 42 9 
1 15 23 8 48 4 
1 15 23 8 48 5 
1 15 23 8 48 6 
1 15 23 8 48 7 
1 15 23 8 48 9 
1 15 23 10 37 4 
1 15 23 10 37 5 
1 15 23 10 37 6 
1 15 23 10 37 7 
1 15 23 10 37 8 
1 15 23 10 37 9 
1 15 23 10 42 4 
1 15 23 10 42 5 
1 15 23 10 42 6 
1 15 23 10 42 7 
1 15 23 10 42 8 
1 15 23 10 42 9 
1 15 23 10 48 4 
1 15 23 10 48 5 
1 15 23 10 48 6 
1 15 23 10 48 7 
1 15 23 10 48 8 
1 15 23 10 48 9 
1 15 23 12 37 4 
1 15 23 12 37 5 
1 15 23 12 37 6 
1 15 23 12 37 7 
1 15 23 12 37 8 
1 15 23 12 37 9 
1 15 23 12 42 4 
1 15 23 12 42 5 
1 15 23 12 42 6 
1 15 23 12 42 7 
1 15 23 12 42 8 
1 15 23 12 42 9 
1 15 23 12 48 4 
1 15 23 12 48 5 
1 15 23 12 48 6 
1 15 23 12 48 7 
1 15 23 12 48 8 
1 15 23 12 48 9 
1 15 23 13 37 4 
1 15 23 13 37 5 
1 15 23 13 37 6 
1 15 23 13 37 7 
1 15 23 13 37 8 
1 15 23 13 37 9 
1 15 23 13 42 4 
1 15 23 13 42 5 
1 15 23 13 42 6 
1 15 23 13 42 7 
1 15 23 13 42 8 
1 15 23 13 42 9 
1 15 23 13 48 4 
1 15 23 13 48 5 
1 15 23 13 48 6 
1 15 23 13 48 7 
1 15 23 13 48 8 
1 15 23 13 48 9 
1 15 23 18 37 4 
1 15 23 18 37 5 
1 15 23 18 37 6 
1 15 23 18 37 7 
1 15 23 18 37 8 
1 15 23 18 37 9 
1 15 23 18 42 4 
1 15 23 18 42 5 
1 15 23 18 42 6 
1 15 23 18 42 7 
1 15 23 18 42 8 
1 15 23 18 42 9 
1 15 23 18 48 4 
1 15 23 18 48 5 
1 15 23 18 48 6 
1 15 23 18 48 7 
1 15 23 18 48 8 
1 15 23 18 48 9 
1 17 18 6 24 10 
1 17 18 6 24 11 
1 17 18 6 24 12 
1 17 18 6 24 13 
1 17 18 6 24 14 
1 17 18 6 24 15 
1 17 18 6 24 16 
1 17 18 6 25 10 
1 17 18 6 25 11 
1 17 18 6 25 12 
1 17 18 6 25 13 
1 17 18 6 25 14 
1 17 18 6 25 15 
1 17 18 6 25 16 
1 17 18 6 26 10 
1 17 18 6 26 11 
1 17 18 6 26 12 
1 17 18 6 26 13 
1 17 18 6 26 14 
1 17 18 6 26 15 
1 17 18 6 26 16 
1 17 18 9 24 10 
1 17 18 9 24 11 
1 17 18 9 24 12 
1 17 18 9 24 13 
1 17 18 9 24 14 
1 17 18 9 24 15 
1 17 18 9 24 16 
1 17 18 9 25 10 
1 17 18 9 25 11 
1 17 18 9 25 12 
1 17 18 9 25 13 
1 17 18 9 25 14 
1 17 18 9 25 15 
1 17 18 9 25 16 
1 17 18 9 26 10 
1 17 18 9 26 11 
1 17 18 9 26 12 
1 17 18 9 26 13 
1 17 18 9 26 14 
1 17 18 9 26 15 
1 17 18 9 26 16 
1 17 18 11 24 10 
1 17 18 11 24 12 
1 17 18 11 24 13 
1 17 18 11 24 14 
1 17 18 11 24 15 
1 17 18 11 24 16 
1 17 18 11 25 10 
1 17 18 11 25 12 
1 17 18 11 25 13 
1 17 18 11 25 14 
1 17 18 11 25 15 
1 17 18 11 25 16 
1 17 18 11 26 10 
1 17 18 11 26 12 
1 17 18 11 26 13 
1 17 18 11 26 14 
1 17 18 11 26 15 
1 17 18 11 26 16 
1 17 18 14 24 10 
1 17 18 14 24 11 
1 17 18 14 24 12 
1 17 18 14 24 13 
1 17 18 14 24 15 
1 17 18 14 24 16 
1 17 18 14 25 10 
1 17 18 14 25 11 
1 17 18 14 25 12 
1 17 18 14 25 13 
1 17 18 14 25 15 
1 17 18 14 25 16 
1 17 18 14 26 10 
1 17 18 14 26 11 
1 17 18 14 26 12 
1 17 18 14 26 13 
1 17 18 14 26 15 
1 17 18 14 26 16 
1 17 18 16 24 10 
1 17 18 16 24 11 
1 17 18 16 24 12 
1 17 18 16 24 13 
1 17 18 16 24 14 
1 17 18 16 24 15 
1 17 18 16 25 10 
1 17 18 16 25 11 
1 17 18 16 25 12 
1 17 18 16 25 13 
1 17 18 16 25 14 
1 17 18 16 25 15 
1 17 18 16 26 10 
1 17 18 16 26 11 
1 17 18 16 26 12 
1 17 18 16 26 13 
1 17 18 16 26 14 
1 17 18 16 26 15 
1 17 18 21 24 10 
1 17 18 21 24 11 
1 17 18 21 24 12 
1 17 18 21 24 13 
1 17 18 21 24 14 
1 17 18 21 24 15 
1 17 18 21 24 16 
1 17 18 21 25 10 
1 17 18 21 25 11 
1 17 18 21 25 12 
1 17 18 21 25 13 
1 17 18 21 25 14 
1 17 18 21 25 15 
1 17 18 21 25 16 
1 17 18 21 26 10 
1 17 18 21 26 11 
1 17 18 21 26 12 
1 17 18 21 26 13 
1 17 18 21 26 14 
1 17 18 21 26 15 
1 17 18 21 26 16 
1 17 18 22 24 10 
1 17 18 22 24 11 
1 17 18 22 24 12 
1 17 18 22 24 13 
1 17 18 22 24 14 
1 17 18 22 24 15 
1 17 18 22 24 16 
1 17 18 22 25 10 
1 17 18 22 25 11 
1 17 18 22 25 12 
1 17 18 22 25 13 
1 17 18 22 25 14 
1 17 18 22 25 15 
1 17 18 22 25 16 
1 17 18 22 26 10 
1 17 18 22 26 11 
1 17 18 22 26 12 
1 17 18 22 26 13 
1 17 18 22 26 14 
1 17 18 22 26 15 
1 17 18 22 26 16 
1 17 19 6 25 4 
1 17 19 6 25 5 
1 17 19 6 25 7 
1 17 19 6 25 8 
1 17 19 6 25 9 
1 17 19 6 28 4 
1 17 19 6 28 5 
1 17 19 6 28 7 
1 17 19 6 28 8 
1 17 19 6 28 9 
1 17 19 6 33 4 
1 17 19 6 33 5 
1 17 19 6 33 7 
1 17 19 6 33 8 
1 17 19 6 33 9 
1 17 19 6 36 4 
1 17 19 6 36 5 
1 17 19 6 36 7 
1 17 19 6 36 8 
1 17 19 6 36 9 
1 17 19 9 25 4 
1 17 19 9 25 5 
1 17 19 9 25 6 
1 17 19 9 25 7 
1 17 19 9 25 8 
1 17 19 9 28 4 
1 17 19 9 28 5 
1 17 19 9 28 6 
1 17 19 9 28 7 
1 17 19 9 28 8 
1 17 19 9 33 4 
1 17 19 9 33 5 
1 17 19 9 33 6 
1 17 19 9 33 7 
1 17 19 9 33 8 
1 17 19 9 36 4 
1 17 19 9 36 5 
1 17 19 9 36 6 
1 17 19 9 36 7 
1 17 19 9 36 8 
1 17 19 11 25 4 
1 17 19 11 25 5 
1 17 19 11 25 6 
1 17 19 11 25 7 
1 17 19 11 25 8 
1 17 19 11 25 9 
1 17 19 11 28 4 
1 17 19 11 28 5 
1 17 19 11 28 6 
1 17 19 11 28 7 
1 17 19 11 28 8 
1 17 19 11 28 9 
1 17 19 11 33 4 
1 17 19 11 33 5 
1 17 19 11 33 6 
1 17 19 11 33 7 
1 17 19 11 33 8 
1 17 19 11 33 9 
1 17 19 11 36 4 
1 17 19 11 36 5 
1 17 19 11 36 6 
1 17 19 11 36 7 
1 17 19 11 36 8 
1 17 19 11 36 9 
1 17 19 14 25 4 
1 17 19 14 25 5 
1 17 19 14 25 6 
1 17 19 14 25 7 
1 17 19 14 25 8 
1 17 19 14 25 9 
1 17 19 14 28 4 
1 17 19 14 28 5 
1 17 19 14 28 6 
1 17 19 14 28 7 
1 17 19 14 28 8 
1 17 19 14 28 9 
1 17 19 14 33 4 
1 17 19 14 33 5 
1 17 19 14 33 6 
1 17 19 14 33 7 
1 17 19 14 33 8 
1 17 19 14 33 9 
1 17 19 14 36 4 
1 17 19 14 36 5 
1 17 19 14 36 6 
1 17 19 14 36 7 
1 17 19 14 36 8 
1 17 19 14 36 9 
1 17 19 16 25 4 
1 17 19 16 25 5 
1 17 19 16 25 6 
1 17 19 16 25 7 
1 17 19 16 25 8 
1 17 19 16 25 9 
1 17 19 16 28 4 
1 17 19 16 28 5 
1 17 19 16 28 6 
1 17 19 16 28 7 
1 17 19 16 28 8 
1 17 19 16 28 9 
1 17 19 16 33 4 
1 17 19 16 33 5 
1 17 19 16 33 6 
1 17 19 16 33 7 
1 17 19 16 33 8 
1 17 19 16 33 9 
1 17 19 16 36 4 
1 17 19 16 36 5 
1 17 19 16 36 6 
1 17 19 16 36 7 
1 17 19 16 36 8 
1 17 19 16 36 9 
1 17 19 21 25 4 
1 17 19 21 25 5 
1 17 19 21 25 6 
1 17 19 21 25 7 
1 17 19 21 25 8 
1 17 19 21 25 9 
1 17 19 21 28 4 
1 17 19 21 28 5 
1 17 19 21 28 6 
1 17 19 21 28 7 
1 17 19 21 28 8 
1 17 19 21 28 9 
1 17 19 21 33 4 
1 17 19 21 33 5 
1 17 19 21 33 6 
1 17 19 21 33 7 
1 17 19 21 33 8 
1 17 19 21 33 9 
1 17 19 21 36 4 
1 17 19 21 36 5 
1 17 19 21 36 6 
1 17 19 21 36 7 
1 17 19 21 36 8 
1 17 19 21 36 9 
1 17 19 22 25 4 
1 17 19 22 25 5 
1 17 19 22 25 6 
1 17 19 22 25 7 
1 17 19 22 25 8 
1 17 19 22 25 9 
1 17 19 22 28 4 
1 17 19 22 28 5 
1 17 19 22 28 6 
1 17 19 22 28 7 
1 17 19 22 28 8 
1 17 19 22 28 9 
1 17 19 22 33 4 
1 17 19 22 33 5 
1 17 19 22 33 6 
1 17 19 22 33 7 
1 17 19 22 33 8 
1 17 19 22 33 9 
1 17 19 22 36 4 
1 17 19 22 36 5 
1 17 19 22 36 6 
1 17 19 22 36 7 
1 17 19 22 36 8 
1 17 19 22 36 9 
1 17 20 6 30 4 
1 17 20 6 30 5 
1 17 20 6 30 7 
1 17 20 6 30 8 
1 17 20 6 30 9 
1 17 20 6 34 4 
1 17 20 6 34 5 
1 17 20 6 34 7 
1 17 20 6 34 8 
1 17 20 6 34 9 
1 17 20 6 37 4 
1 17 20 6 37 5 
1 17 20 6 37 7 
1 17 20 6 37 8 
1 17 20 6 37 9 
1 17 20 9 30 4 
1 17 20 9 30 5 
1 17 20 9 30 6 
1 17 20 9 30 7 
1 17 20 9 30 8 
1 17 20 9 34 4 
1 17 20 9 34 5 
1 17 20 9 34 6 
1 17 20 9 34 7 
1 17 20 9 34 8 
1 17 20 9 37 4 
1 17 20 9 37 5 
1 17 20 9 37 6 
1 17 20 9 37 7 
1 17 20 9 37 8 
1 17 20 11 30 4 
1 17 20 11 30 5 
1 17 20 11 30 6 
1 17 20 11 30 7 
1 17 20 11 30 8 
1 17 20 11 30 9 
1 17 20 11 34 4 
1 17 20 11 34 5 
1 17 20 11 34 6 
1 17 20 11 34 7 
1 17 20 11 34 8 
1 17 20 11 34 9 
1 17 20 11 37 4 
1 17 20 11 37 5 
1 17 20 11 37 6 
1 17 20 11 37 7 
1 17 20 11 37 8 
1 17 20 11 37 9 
1 17 20 14 30 4 
1 17 20 14 30 5 
1 17 20 14 30 6 
1 17 20 14 30 7 
1 17 20 14 30 8 
1 17 20 14 30 9 
1 17 20 14 34 4 
1 17 20 14 34 5 
1 17 20 14 34 6 
1 17 20 14 34 7 
1 17 20 14 34 8 
1 17 20 14 34 9 
1 17 20 14 37 4 
1 17 20 14 37 5 
1 17 20 14 37 6 
1 17 20 14 37 7 
1 17 20 14 37 8 
1 17 20 14 37 9 
1 17 20 16 30 4 
1 17 20 16 30 5 
1 17 20 16 30 6 
1 17 20 16 30 7 
1 17 20 16 30 8 
1 17 20 16 30 9 
1 17 20 16 34 4 
1 17 20 16 34 5 
1 17 20 16 34 6 
1 17 20 16 34 7 
1 17 20 16 34 8 
1 17 20 16 34 9 
1 17 20 16 37 4 
1 17 20 16 37 5 
1 17 20 16 37 6 
1 17 20 16 37 7 
1 17 20 16 37 8 
1 17 20 16 37 9 
1 17 20 21 30 4 
1 17 20 21 30 5 
1 17 20 21 30 6 
1 17 20 21 30 7 
1 17 20 21 30 8 
1 17 20 21 30 9 
1 17 20 21 34 4 
1 17 20 21 34 5 
1 17 20 21 34 6 
1 17 20 21 34 7 
1 17 20 21 34 8 
1 17 20 21 34 9 
1 17 20 21 37 4 
1 17 20 21 37 5 
1 17 20 21 37 6 
1 17 20 21 37 7 
1 17 20 21 37 8 
1 17 20 21 37 9 
1 17 20 22 30 4 
1 17 20 22 30 5 
1 17 20 22 30 6 
1 17 20 22 30 7 
1 17 20 22 30 8 
1 17 20 22 30 9 
1 17 20 22 34 4 
1 17 20 22 34 5 
1 17 20 22 34 6 
1 17 20 22 34 7 
1 17 20 22 34 8 
1 17 20 22 34 9 
1 17 20 22 37 4 
1 17 20 22 37 5 
1 17 20 22 37 6 
1 17 20 22 37 7 
1 17 20 22 37 8 
1 17 20 22 37 9 
1 17 21 6 30 18 
1 17 21 6 30 19 
1 17 21 6 30 20 
1 17 21 6 30 22 
1 17 21 6 30 23 
1 17 21 6 34 18 
1 17 21 6 34 19 
1 17 21 6 34 20 
1 17 21 6 34 22 
1 17 21 6 34 23 
1 17 21 6 37 18 
1 17 21 6 37 19 
1 17 21 6 37 20 
1 17 21 6 37 22 
1 17 21 6 37 23 
1 17 21 9 30 18 
1 17 21 9 30 19 
1 17 21 9 30 20 
1 17 21 9 30 22 
1 17 21 9 30 23 
1 17 21 9 34 18 
1 17 21 9 34 19 
1 17 21 9 34 20 
1 17 21 9 34 22 
1 17 21 9 34 23 
1 17 21 9 37 18 
1 17 21 9 37 19 
1 17 21 9 37 20 
1 17 21 9 37 22 
1 17 21 9 37 23 
1 17 21 11 30 18 
1 17 21 11 30 19 
1 17 21 11 30 20 
1 17 21 11 30 22 
1 17 21 11 30 23 
1 17 21 11 34 18 
1 17 21 11 34 19 
1 17 21 11 34 20 
1 17 21 11 34 22 
1 17 21 11 34 23 
1 17 21 11 37 18 
1 17 21 11 37 19 
1 17 21 11 37 20 
1 17 21 11 37 22 
1 17 21 11 37 23 
1 17 21 14 30 18 
1 17 21 14 30 19 
1 17 21 14 30 20 
1 17 21 14 30 22 
1 17 21 14 30 23 
1 17 21 14 34 18 
1 17 21 14 34 19 
1 17 21 14 34 20 
1 17 21 14 34 22 
1 17 21 14 34 23 
1 17 21 14 37 18 
1 17 21 14 37 19 
1 17 21 14 37 20 
1 17 21 14 37 22 
1 17 21 14 37 23 
1 17 21 16 30 18 
1 17 21 16 30 19 
1 17 21 16 30 20 
1 17 21 16 30 22 
1 17 21 16 30 23 
1 17 21 16 34 18 
1 17 21 16 34 19 
1 17 21 16 34 20 
1 17 21 16 34 22 
1 17 21 16 34 23 
1 17 21 16 37 18 
1 17 21 16 37 19 
1 17 21 16 37 20 
1 17 21 16 37 22 
1 17 21 16 37 23 
1 17 21 22 30 18 
1 17 21 22 30 19 
1 17 21 22 30 20 
1 17 21 22 30 23 
1 17 21 22 34 18 
1 17 21 22 34 19 
1 17 21 22 34 20 
1 17 21 22 34 23 
1 17 21 22 37 18 
1 17 21 22 37 19 
1 17 21 22 37 20 
1 17 21 22 37 23 
1 17 22 6 24 18 
1 17 22 6 24 19 
1 17 22 6 24 20 
1 17 22 6 24 21 
1 17 22 6 24 23 
1 17 22 6 35 18 
1 17 22 6 35 19 
1 17 22 6 35 20 
1 17 22 6 35 21 
1 17 22 6 35 23 
1 17 22 9 24 18 
1 17 22 9 24 19 
1 17 22 9 24 20 
1 17 22 9 24 21 
1 17 22 9 24 23 
1 17 22 9 35 18 
1 17 22 9 35 19 
1 17 22 9 35 20 
1 17 22 9 35 21 
1 17 22 9 35 23 
1 17 22 11 24 18 
1 17 22 11 24 19 
1 17 22 11 24 20 
1 17 22 11 24 21 
1 17 22 11 24 23 
1 17 22 11 35 18 
1 17 22 11 35 19 
1 17 22 11 35 20 
1 17 22 11 35 21 
1 17 22 11 35 23 
1 17 22 14 24 18 
1 17 22 14 24 19 
1 17 22 14 24 20 
1 17 22 14 24 21 
1 17 22 14 24 23 
1 17 22 14 35 18 
1 17 22 14 35 19 
1 17 22 14 35 20 
1 17 22 14 35 21 
1 17 22 14 35 23 
1 17 22 16 24 18 
1 17 22 16 24 19 
1 17 22 16 24 20 
1 17 22 16 24 21 
1 17 22 16 24 23 
1 17 22 16 35 18 
1 17 22 16 35 19 
1 17 22 16 35 20 
1 17 22 16 35 21 
1 17 22 16 35 23 
1 17 22 21 24 18 
1 17 22 21 24 19 
1 17 22 21 24 20 
1 17 22 21 24 23 
1 17 22 21 35 18 
1 17 22 21 35 19 
1 17 22 21 35 20 
1 17 22 21 35 23 
1 17 23 6 31 4 
1 17 23 6 31 5 
1 17 23 6 31 7 
1 17 23 6 31 8 
1 17 23 6 31 9 
1 17 23 9 31 4 
1 17 23 9 31 5 
1 17 23 9 31 6 
1 17 23 9 31 7 
1 17 23 9 31 8 
1 17 23 11 31 4 
1 17 23 11 31 5 
1 17 23 11 31 6 
1 17 23 11 31 7 
1 17 23 11 31 8 
1 17 23 11 31 9 
1 17 23 14 31 4 
1 17 23 14 31 5 
1 17 23 14 31 6 
1 17 23 14 31 7 
1 17 23 14 31 8 
1 17 23 14 31 9 
1 17 23 16 31 4 
1 17 23 16 31 5 
1 17 23 16 31 6 
1 17 23 16 31 7 
1 17 23 16 31 8 
1 17 23 16 31 9 
1 17 23 21 31 4 
1 17 23 21 31 5 
1 17 23 21 31 6 
1 17 23 21 31 7 
1 17 23 21 31 8 
1 17 23 21 31 9 
1 17 23 22 31 4 
1 17 23 22 31 5 
1 17 23 22 31 6 
1 17 23 22 31 7 
1 17 23 22 31 8 
1 17 23 22 31 9 
1 19 17 6 24 4 
1 19 17 6 24 5 
1 19 17 6 24 7 
1 19 17 6 24 8 
1 19 17 6 24 9 
1 19 17 6 27 4 
1 19 17 6 27 5 
1 19 17 6 27 7 
1 19 17 6 27 8 
1 19 17 6 27 9 
1 19 17 6 28 4 
1 19 17 6 28 5 
1 19 17 6 28 7 
1 19 17 6 28 8 
1 19 17 6 28 9 
1 19 17 9 24 4 
1 19 17 9 24 5 
1 19 17 9 24 6 
1 19 17 9 24 7 
1 19 17 9 24 8 
1 19 17 9 27 4 
1 19 17 9 27 5 
1 19 17 9 27 6 
1 19 17 9 27 7 
1 19 17 9 27 8 
1 19 17 9 28 4 
1 19 17 9 28 5 
1 19 17 9 28 6 
1 19 17 9 28 7 
1 19 17 9 28 8 
1 19 17 11 24 4 
1 19 17 11 24 5 
1 19 17 11 24 6 
1 19 17 11 24 7 
1 19 17 11 24 8 
1 19 17 11 24 9 
1 19 17 11 27 4 
1 19 17 11 27 5 
1 19 17 11 27 6 
1 19 17 11 27 7 
1 19 17 11 27 8 
1 19 17 11 27 9 
1 19 17 11 28 4 
1 19 17 11 28 5 
1 19 17 11 28 6 
1 19 17 11 28 7 
1 19 17 11 28 8 
1 19 17 11 28 9 
1 19 17 14 24 4 
1 19 17 14 24 5 
1 19 17 14 24 6 
1 19 17 14 24 7 
1 19 17 14 24 8 
1 19 17 14 24 9 
1 19 17 14 27 4 
1 19 17 14 27 5 
1 19 17 14 27 6 
1 19 17 14 27 7 
1 19 17 14 27 8 
1 19 17 14 27 9 
1 19 17 14 28 4 
1 19 17 14 28 5 
1 19 17 14 28 6 
1 19 17 14 28 7 
1 19 17 14 28 8 
1 19 17 14 28 9 
1 19 17 16 24 4 
1 19 17 16 24 5 
1 19 17 16 24 6 
1 19 17 16 24 7 
1 19 17 16 24 8 
1 19 17 16 24 9 
1 19 17 16 27 4 
1 19 17 16 27 5 
1 19 17 16 27 6 
1 19 17 16 27 7 
1 19 17 16 27 8 
1 19 17 16 27 9 
1 19 17 16 28 4 
1 19 17 16 28 5 
1 19 17 16 28 6 
1 19 17 16 28 7 
1 19 17 16 28 8 
1 19 17 16 28 9 
1 19 17 21 24 4 
1 19 17 21 24 5 
1 19 17 21 24 6 
1 19 17 21 24 7 
1 19 17 21 24 8 
1 19 17 21 24 9 
1 19 17 21 27 4 
1 19 17 21 27 5 
1 19 17 21 27 6 
1 19 17 21 27 7 
1 19 17 21 27 8 
1 19 17 21 27 9 
1 19 17 21 28 4 
1 19 17 21 28 5 
1 19 17 21 28 6 
1 19 17 21 28 7 
1 19 17 21 28 8 
1 19 17 21 28 9 
1 19 17 22 24 4 
1 19 17 22 24 5 
1 19 17 22 24 6 
1 19 17 22 24 7 
1 19 17 22 24 8 
1 19 17 22 24 9 
1 19 17 22 27 4 
1 19 17 22 27 5 
1 19 17 22 27 6 
1 19 17 22 27 7 
1 19 17 22 27 8 
1 19 17 22 27 9 
1 19 17 22 28 4 
1 19 17 22 28 5 
1 19 17 22 28 6 
1 19 17 22 28 7 
1 19 17 22 28 8 
1 19 17 22 28 9 
1 19 18 6 24 10 
1 19 18 6 24 11 
1 19 18 6 24 12 
1 19 18 6 24 13 
1 19 18 6 24 14 
1 19 18 6 24 15 
1 19 18 6 24 16 
1 19 18 6 27 10 
1 19 18 6 27 11 
1 19 18 6 27 12 
1 19 18 6 27 13 
1 19 18 6 27 14 
1 19 18 6 27 15 
1 19 18 6 27 16 
1 19 18 6 28 10 
1 19 18 6 28 11 
1 19 18 6 28 12 
1 19 18 6 28 13 
1 19 18 6 28 14 
1 19 18 6 28 15 
1 19 18 6 28 16 
1 19 18 9 24 10 
1 19 18 9 24 11 
1 19 18 9 24 12 
1 19 18 9 24 13 
1 19 18 9 24 14 
1 19 18 9 24 15 
1 19 18 9 24 16 
1 19 18 9 27 10 
1 19 18 9 27 11 
1 19 18 9 27 12 
1 19 18 9 27 13 
1 19 18 9 27 14 
1 19 18 9 27 15 
1 19 18 9 27 16 
1 19 18 9 28 10 
1 19 18 9 28 11 
1 19 18 9 28 12 
1 19 18 9 28 13 
1 19 18 9 28 14 
1 19 18 9 28 15 
1 19 18 9 28 16 
1 19 18 11 24 10 
1 19 18 11 24 12 
1 19 18 11 24 13 
1 19 18 11 24 14 
1 19 18 11 24 15 
1 19 18 11 24 16 
1 19 18 11 27 10 
1 19 18 11 27 12 
1 19 18 11 27 13 
1 19 18 11 27 14 
1 19 18 11 27 15 
1 19 18 11 27 16 
1 19 18 11 28 10 
1 19 18 11 28 12 
1 19 18 11 28 13 
1 19 18 11 28 14 
1 19 18 11 28 15 
1 19 18 11 28 16 
1 19 18 14 24 10 
1 19 18 14 24 11 
1 19 18 14 24 12 
1 19 18 14 24 13 
1 19 18 14 24 15 
1 19 18 14 24 16 
1 19 18 14 27 10 
1 19 18 14 27 11 
1 19 18 14 27 12 
1 19 18 14 27 13 
1 19 18 14 27 15 
1 19 18 14 27 16 
1 19 18 14 28 10 
1 19 18 14 28 11 
1 19 18 14 28 12 
1 19 18 14 28 13 
1 19 18 14 28 15 
1 19 18 14 28 16 
1 19 18 16 24 10 
1 19 18 16 24 11 
1 19 18 16 24 12 
1 19 18 16 24 13 
1 19 18 16 24 14 
1 19 18 16 24 15 
1 19 18 16 27 10 
1 19 18 16 27 11 
1 19 18 16 27 12 
1 19 18 16 27 13 
1 19 18 16 27 14 
1 19 18 16 27 15 
1 19 18 16 28 10 
1 19 18 16 28 11 
1 19 18 16 28 12 
1 19 18 16 28 13 
1 19 18 16 28 14 
1 19 18 16 28 15 
1 19 18 21 24 10 
1 19 18 21 24 11 
1 19 18 21 24 12 
1 19 18 21 24 13 
1 19 18 21 24 14 
1 19 18 21 24 15 
1 19 18 21 24 16 
1 19 18 21 27 10 
1 19 18 21 27 11 
1 19 18 21 27 12 
1 19 18 21 27 13 
1 19 18 21 27 14 
1 19 18 21 27 15 
1 19 18 21 27 16 
1 19 18 21 28 10 
1 19 18 21 28 11 
1 19 18 21 28 12 
1 19 18 21 28 13 
1 19 18 21 28 14 
1 19 18 21 28 15 
1 19 18 21 28 16 
1 19 18 22 24 10 
1 19 18 22 24 11 
1 19 18 22 24 12 
1 19 18 22 24 13 
1 19 18 22 24 14 
1 19 18 22 24 15 
1 19 18 22 24 16 
1 19 18 22 27 10 
1 19 18 22 27 11 
1 19 18 22 27 12 
1 19 18 22 27 13 
1 19 18 22 27 14 
1 19 18 22 27 15 
1 19 18 22 27 16 
1 19 18 22 28 10 
1 19 18 22 28 11 
1 19 18 22 28 12 
1 19 18 22 28 13 
1 19 18 22 28 14 
1 19 18 22 28 15 
1 19 18 22 28 16 
1 19 20 6 29 4 
1 19 20 6 29 5 
1 19 20 6 29 7 
1 19 20 6 29 8 
1 19 20 6 29 9 
1 19 20 6 41 4 
1 19 20 6 41 5 
1 19 20 6 41 7 
1 19 20 6 41 8 
1 19 20 6 41 9 
1 19 20 9 29 4 
1 19 20 9 29 5 
1 19 20 9 29 6 
1 19 20 9 29 7 
1 19 20 9 29 8 
1 19 20 9 41 4 
1 19 20 9 41 5 
1 19 20 9 41 6 
1 19 20 9 41 7 
1 19 20 9 41 8 
1 19 20 11 29 4 
1 19 20 11 29 5 
1 19 20 11 29 6 
1 19 20 11 29 7 
1 19 20 11 29 8 
1 19 20 11 29 9 
1 19 20 11 41 4 
1 19 20 11 41 5 
1 19 20 11 41 6 
1 19 20 11 41 7 
1 19 20 11 41 8 
1 19 20 11 41 9 
1 19 20 14 29 4 
1 19 20 14 29 5 
1 19 20 14 29 6 
1 19 20 14 29 7 
1 19 20 14 29 8 
1 19 20 14 29 9 
1 19 20 14 41 4 
1 19 20 14 41 5 
1 19 20 14 41 6 
1 19 20 14 41 7 
1 19 20 14 41 8 
1 19 20 14 41 9 
1 19 20 16 29 4 
1 19 20 16 29 5 
1 19 20 16 29 6 
1 19 20 16 29 7 
1 19 20 16 29 8 
1 19 20 16 29 9 
1 19 20 16 41 4 
1 19 20 16 41 5 
1 19 20 16 41 6 
1 19 20 16 41 7 
1 19 20 16 41 8 
1 19 20 16 41 9 
1 19 20 21 29 4 
1 19 20 21 29 5 
1 19 20 21 29 6 
1 19 20 21 29 7 
1 19 20 21 29 8 
1 19 20 21 29 9 
1 19 20 21 41 4 
1 19 20 21 41 5 
1 19 20 21 41 6 
1 19 20 21 41 7 
1 19 20 21 41 8 
1 19 20 21 41 9 
1 19 20 22 29 4 
1 19 20 22 29 5 
1 19 20 22 29 6 
1 19 20 22 29 7 
1 19 20 22 29 8 
1 19 20 22 29 9 
1 19 20 22 41 4 
1 19 20 22 41 5 
1 19 20 22 41 6 
1 19 20 22 41 7 
1 19 20 22 41 8 
1 19 20 22 41 9 
1 19 21 6 29 17 
1 19 21 6 29 18 
1 19 21 6 29 20 
1 19 21 6 29 22 
1 19 21 6 29 23 
1 19 21 6 41 17 
1 19 21 6 41 18 
1 19 21 6 41 20 
1 19 21 6 41 22 
1 19 21 6 41 23 
1 19 21 9 29 17 
1 19 21 9 29 18 
1 19 21 9 29 20 
1 19 21 9 29 22 
1 19 21 9 29 23 
1 19 21 9 41 17 
1 19 21 9 41 18 
1 19 21 9 41 20 
1 19 21 9 41 22 
1 19 21 9 41 23 
1 19 21 11 29 17 
1 19 21 11 29 18 
1 19 21 11 29 20 
1 19 21 11 29 22 
1 19 21 11 29 23 
1 19 21 11 41 17 
1 19 21 11 41 18 
1 19 21 11 41 20 
1 19 21 11 41 22 
1 19 21 11 41 23 
1 19 21 14 29 17 
1 19 21 14 29 18 
1 19 21 14 29 20 
1 19 21 14 29 22 
1 19 21 14 29 23 
1 19 21 14 41 17 
1 19 21 14 41 18 
1 19 21 14 41 20 
1 19 21 14 41 22 
1 19 21 14 41 23 
1 19 21 16 29 17 
1 19 21 16 29 18 
1 19 21 16 29 20 
1 19 21 16 29 22 
1 19 21 16 29 23 
1 19 21 16 41 17 
1 19 21 16 41 18 
1 19 21 16 41 20 
1 19 21 16 41 22 
1 19 21 16 41 23 
1 19 21 22 29 17 
1 19 21 22 29 18 
1 19 21 22 29 20 
1 19 21 22 29 23 
1 19 21 22 41 17 
1 19 21 22 41 18 
1 19 21 22 41 20 
1 19 21 22 41 23 
1 19 22 6 28 17 
1 19 22 6 28 18 
1 19 22 6 28 20 
1 19 22 6 28 21 
1 19 22 6 28 23 
1 19 22 6 36 17 
1 19 22 6 36 18 
1 19 22 6 36 20 
1 19 22 6 36 21 
1 19 22 6 36 23 
1 19 22 9 28 17 
1 19 22 9 28 18 
1 19 22 9 28 20 
1 19 22 9 28 21 
1 19 22 9 28 23 
1 19 22 9 36 17 
1 19 22 9 36 18 
1 19 22 9 36 20 
1 19 22 9 36 21 
1 19 22 9 36 23 
1 19 22 11 28 17 
1 19 22 11 28 18 
1 19 22 11 28 20 
1 19 22 11 28 21 
1 19 22 11 28 23 
1 19 22 11 36 17 
1 19 22 11 36 18 
1 19 22 11 36 20 
1 19 22 11 36 21 
1 19 22 11 36 23 
1 19 22 14 28 17 
1 19 22 14 28 18 
1 19 22 14 28 20 
1 19 22 14 28 21 
1 19 22 14 28 23 
1 19 22 14 36 17 
1 19 22 14 36 18 
1 19 22 14 36 20 
1 19 22 14 36 21 
1 19 22 14 36 23 
1 19 22 16 28 17 
1 19 22 16 28 18 
1 19 22 16 28 20 
1 19 22 16 28 21 
1 19 22 16 28 23 
1 19 22 16 36 17 
1 19 22 16 36 18 
1 19 22 16 36 20 
1 19 22 16 36 21 
1 19 22 16 36 23 
1 19 22 21 28 17 
1 19 22 21 28 18 
1 19 22 21 28 20 
1 19 22 21 28 23 
1 19 22 21 36 17 
1 19 22 21 36 18 
1 19 22 21 36 20 
1 19 22 21 36 23 
1 19 23 6 33 4 
1 19 23 6 33 5 
1 19 23 6 33 7 
1 19 23 6 33 8 
1 19 23 6 33 9 
1 19 23 6 42 4 
1 19 23 6 42 5 
1 19 23 6 42 7 
1 19 23 6 42 8 
1 19 23 6 42 9 
1 19 23 6 43 4 
1 19 23 6 43 5 
1 19 23 6 43 7 
1 19 23 6 43 8 
1 19 23 6 43 9 
1 19 23 9 33 4 
1 19 23 9 33 5 
1 19 23 9 33 6 
1 19 23 9 33 7 
1 19 23 9 33 8 
1 19 23 9 42 4 
1 19 23 9 42 5 
1 19 23 9 42 6 
1 19 23 9 42 7 
1 19 23 9 42 8 
1 19 23 9 43 4 
1 19 23 9 43 5 
1 19 23 9 43 6 
1 19 23 9 43 7 
1 19 23 9 43 8 
1 19 23 11 33 4 
1 19 23 11 33 5 
1 19 23 11 33 6 
1 19 23 11 33 7 
1 19 23 11 33 8 
1 19 23 11 33 9 
1 19 23 11 42 4 
1 19 23 11 42 5 
1 19 23 11 42 6 
1 19 23 11 42 7 
1 19 23 11 42 8 
1 19 23 11 42 9 
1 19 23 11 43 4 
1 19 23 11 43 5 
1 19 23 11 43 6 
1 19 23 11 43 7 
1 19 23 11 43 8 
1 19 23 11 43 9 
1 19 23 14 33 4 
1 19 23 14 33 5 
1 19 23 14 33 6 
1 19 23 14 33 7 
1 19 23 14 33 8 
1 19 23 14 33 9 
1 19 23 14 42 4 
1 19 23 14 42 5 
1 19 23 14 42 6 
1 19 23 14 42 7 
1 19 23 14 42 8 
1 19 23 14 42 9 
1 19 23 14 43 4 
1 19 23 14 43 5 
1 19 23 14 43 6 
1 19 23 14 43 7 
1 19 23 14 43 8 
1 19 23 14 43 9 
1 19 23 16 33 4 
1 19 23 16 33 5 
1 19 23 16 33 6 
1 19 23 16 33 7 
1 19 23 16 33 8 
1 19 23 16 33 9 
1 19 23 16 42 4 
1 19 23 16 42 5 
1 19 23 16 42 6 
1 19 23 16 42 7 
1 19 23 16 42 8 
1 19 23 16 42 9 
1 19 23 16 43 4 
1 19 23 16 43 5 
1 19 23 16 43 6 
1 19 23 16 43 7 
1 19 23 16 43 8 
1 19 23 16 43 9 
1 19 23 21 33 4 
1 19 23 21 33 5 
1 19 23 21 33 6 
1 19 23 21 33 7 
1 19 23 21 33 8 
1 19 23 21 33 9 
1 19 23 21 42 4 
1 19 23 21 42 5 
1 19 23 21 42 6 
1 19 23 21 42 7 
1 19 23 21 42 8 
1 19 23 21 42 9 
1 19 23 21 43 4 
1 19 23 21 43 5 
1 19 23 21 43 6 
1 19 23 21 43 7 
1 19 23 21 43 8 
1 19 23 21 43 9 
1 19 23 22 33 4 
1 19 23 22 33 5 
1 19 23 22 33 6 
1 19 23 22 33 7 
1 19 23 22 33 8 
1 19 23 22 33 9 
1 19 23 22 42 4 
1 19 23 22 42 5 
1 19 23 22 42 6 
1 19 23 22 42 7 
1 19 23 22 42 8 
1 19 23 22 42 9 
1 19 23 22 43 4 
1 19 23 22 43 5 
1 19 23 22 43 6 
1 19 23 22 43 7 
1 19 23 22 43 8 
1 19 23 22 43 9 
1 20 17 6 29 4 
1 20 17 6 29 5 
1 20 17 6 29 7 
1 20 17 6 29 8 
1 20 17 6 29 9 
1 20 17 6 30 4 
1 20 17 6 30 5 
1 20 17 6 30 7 
1 20 17 6 30 8 
1 20 17 6 30 9 
1 20 17 9 29 4 
1 20 17 9 29 5 
1 20 17 9 29 6 
1 20 17 9 29 7 
1 20 17 9 29 8 
1 20 17 9 30 4 
1 20 17 9 30 5 
1 20 17 9 30 6 
1 20 17 9 30 7 
1 20 17 9 30 8 
1 20 17 11 29 4 
1 20 17 11 29 5 
1 20 17 11 29 6 
1 20 17 11 29 7 
1 20 17 11 29 8 
1 20 17 11 29 9 
1 20 17 11 30 4 
1 20 17 11 30 5 
1 20 17 11 30 6 
1 20 17 11 30 7 
1 20 17 11 30 8 
1 20 17 11 30 9 
1 20 17 14 29 4 
1 20 17 14 29 5 
1 20 17 14 29 6 
1 20 17 14 29 7 
1 20 17 14 29 8 
1 20 17 14 29 9 
1 20 17 14 30 4 
1 20 17 14 30 5 
1 20 17 14 30 6 
1 20 17 14 30 7 
1 20 17 14 30 8 
1 20 17 14 30 9 
1 20 17 16 29 4 
1 20 17 16 29 5 
1 20 17 16 29 6 
1 20 17 16 29 7 
1 20 17 16 29 8 
1 20 17 16 29 9 
1 20 17 16 30 4 
1 20 17 16 30 5 
1 20 17 16 30 6 
1 20 17 16 30 7 
1 20 17 16 30 8 
1 20 17 16 30 9 
1 20 17 21 29 4 
1 20 17 21 29 5 
1 20 17 21 29 6 
1 20 17 21 29 7 
1 20 17 21 29 8 
1 20 17 21 29 9 
1 20 17 21 30 4 
1 20 17 21 30 5 
1 20 17 21 30 6 
1 20 17 21 30 7 
1 20 17 21 30 8 
1 20 17 21 30 9 
1 20 17 22 29 4 
1 20 17 22 29 5 
1 20 17 22 29 6 
1 20 17 22 29 7 
1 20 17 22 29 8 
1 20 17 22 29 9 
1 20 17 22 30 4 
1 20 17 22 30 5 
1 20 17 22 30 6 
1 20 17 22 30 7 
1 20 17 22 30 8 
1 20 17 22 30 9 
1 20 18 6 29 10 
1 20 18 6 29 11 
1 20 18 6 29 12 
1 20 18 6 29 13 
1 20 18 6 29 14 
1 20 18 6 29 15 
1 20 18 6 29 16 
1 20 18 6 30 10 
1 20 18 6 30 11 
1 20 18 6 30 12 
1 20 18 6 30 13 
1 20 18 6 30 14 
1 20 18 6 30 15 
1 20 18 6 30 16 
1 20 18 9 29 10 
1 20 18 9 29 11 
1 20 18 9 29 12 
1 20 18 9 29 13 
1 20 18 9 29 14 
1 20 18 9 29 15 
1 20 18 9 29 16 
1 20 18 9 30 10 
1 20 18 9 30 11 
1 20 18 9 30 12 
1 20 18 9 30 13 
1 20 18 9 30 14 
1 20 18 9 30 15 
1 20 18 9 30 16 
1 20 18 11 29 10 
1 20 18 11 29 12 
1 20 18 11 29 13 
1 20 18 11 29 14 
1 20 18 11 29 15 
1 20 18 11 29 16 
1 20 18 11 30 10 
1 20 18 11 30 12 
1 20 18 11 30 13 
1 20 18 11 30 14 
1 20 18 11 30 15 
1 20 18 11 30 16 
1 20 18 14 29 10 
1 20 18 14 29 11 
1 20 18 14 29 12 
1 20 18 14 29 13 
1 20 18 14 29 15 
1 20 18 14 29 16 
1 20 18 14 30 10 
1 20 18 14 30 11 
1 20 18 14 30 12 
1 20 18 14 30 13 
1 20 18 14 30 15 
1 20 18 14 30 16 
1 20 18 16 29 10 
1 20 18 16 29 11 
1 20 18 16 29 12 
1 20 18 16 29 13 
1 20 18 16 29 14 
1 20 18 16 29 15 
1 20 18 16 30 10 
1 20 18 16 30 11 
1 20 18 16 30 12 
1 20 18 16 30 13 
1 20 18 16 30 14 
1 20 18 16 30 15 
1 20 18 21 29 10 
1 20 18 21 29 11 
1 20 18 21 29 12 
1 20 18 21 29 13 
1 20 18 21 29 14 
1 20 18 21 29 15 
1 20 18 21 29 16 
1 20 18 21 30 10 
1 20 18 21 30 11 
1 20 18 21 30 12 
1 20 18 21 30 13 
1 20 18 21 30 14 
1 20 18 21 30 15 
1 20 18 21 30 16 
1 20 18 22 29 10 
1 20 18 22 29 11 
1 20 18 22 29 12 
1 20 18 22 29 13 
1 20 18 22 29 14 
1 20 18 22 29 15 
1 20 18 22 29 16 
1 20 18 22 30 10 
1 20 18 22 30 11 
1 20 18 22 30 12 
1 20 18 22 30 13 
1 20 18 22 30 14 
1 20 18 22 30 15 
1 20 18 22 30 16 
1 20 19 6 40 4 
1 20 19 6 40 5 
1 20 19 6 40 7 
1 20 19 6 40 8 
1 20 19 6 40 9 
1 20 19 6 41 4 
1 20 19 6 41 5 
1 20 19 6 41 7 
1 20 19 6 41 8 
1 20 19 6 41 9 
1 20 19 6 42 4 
1 20 19 6 42 5 
1 20 19 6 42 7 
1 20 19 6 42 8 
1 20 19 6 42 9 
1 20 19 9 40 4 
1 20 19 9 40 5 
1 20 19 9 40 6 
1 20 19 9 40 7 
1 20 19 9 40 8 
1 20 19 9 41 4 
1 20 19 9 41 5 
1 20 19 9 41 6 
1 20 19 9 41 7 
1 20 19 9 41 8 
1 20 19 9 42 4 
1 20 19 9 42 5 
1 20 19 9 42 6 
1 20 19 9 42 7 
1 20 19 9 42 8 
1 20 19 11 40 4 
1 20 19 11 40 5 
1 20 19 11 40 6 
1 20 19 11 40 7 
1 20 19 11 40 8 
1 20 19 11 40 9 
1 20 19 11 41 4 
1 20 19 11 41 5 
1 20 19 11 41 6 
1 20 19 11 41 7 
1 20 19 11 41 8 
1 20 19 11 41 9 
1 20 19 11 42 4 
1 20 19 11 42 5 
1 20 19 11 42 6 
1 20 19 11 42 7 
1 20 19 11 42 8 
1 20 19 11 42 9 
1 20 19 14 40 4 
1 20 19 14 40 5 
1 20 19 14 40 6 
1 20 19 14 40 7 
1 20 19 14 40 8 
1 20 19 14 40 9 
1 20 19 14 41 4 
1 20 19 14 41 5 
1 20 19 14 41 6 
1 20 19 14 41 7 
1 20 19 14 41 8 
1 20 19 14 41 9 
1 20 19 14 42 4 
1 20 19 14 42 5 
1 20 19 14 42 6 
1 20 19 14 42 7 
1 20 19 14 42 8 
1 20 19 14 42 9 
1 20 19 16 40 4 
1 20 19 16 40 5 
1 20 19 16 40 6 
1 20 19 16 40 7 
1 20 19 16 40 8 
1 20 19 16 40 9 
1 20 19 16 41 4 
1 20 19 16 41 5 
1 20 19 16 41 6 
1 20 19 16 41 7 
1 20 19 16 41 8 
1 20 19 16 41 9 
1 20 19 16 42 4 
1 20 19 16 42 5 
1 20 19 16 42 6 
1 20 19 16 42 7 
1 20 19 16 42 8 
1 20 19 16 42 9 
1 20 19 21 40 4 
1 20 19 21 40 5 
1 20 19 21 40 6 
1 20 19 21 40 7 
1 20 19 21 40 8 
1 20 19 21 40 9 
1 20 19 21 41 4 
1 20 19 21 41 5 
1 20 19 21 41 6 
1 20 19 21 41 7 
1 20 19 21 41 8 
1 20 19 21 41 9 
1 20 19 21 42 4 
1 20 19 21 42 5 
1 20 19 21 42 6 
1 20 19 21 42 7 
1 20 19 21 42 8 
1 20 19 21 42 9 
1 20 19 22 40 4 
1 20 19 22 40 5 
1 20 19 22 40 6 
1 20 19 22 40 7 
1 20 19 22 40 8 
1 20 19 22 40 9 
1 20 19 22 41 4 
1 20 19 22 41 5 
1 20 19 22 41 6 
1 20 19 22 41 7 
1 20 19 22 41 8 
1 20 19 22 41 9 
1 20 19 22 42 4 
1 20 19 22 42 5 
1 20 19 22 42 6 
1 20 19 22 42 7 
1 20 19 22 42 8 
1 20 19 22 42 9 
1 20 22 6 31 17 
1 20 22 6 31 18 
1 20 22 6 31 19 
1 20 22 6 31 21 
1 20 22 6 31 23 
1 20 22 6 41 17 
1 20 22 6 41 18 
1 20 22 6 41 19 
1 20 22 6 41 21 
1 20 22 6 41 23 
1 20 22 6 44 17 
1 20 22 6 44 18 
1 20 22 6 44 19 
1 20 22 6 44 21 
1 20 22 6 44 23 
1 20 22 9 31 17 
1 20 22 9 31 18 
1 20 22 9 31 19 
1 20 22 9 31 21 
1 20 22 9 31 23 
1 20 22 9 41 17 
1 20 22 9 41 18 
1 20 22 9 41 19 
1 20 22 9 41 21 
1 20 22 9 41 23 
1 20 22 9 44 17 
1 20 22 9 44 18 
1 20 22 9 44 19 
1 20 22 9 44 21 
1 20 22 9 44 23 
1 20 22 11 31 17 
1 20 22 11 31 18 
1 20 22 11 31 19 
1 20 22 11 31 21 
1 20 22 11 31 23 
1 20 22 11 41 17 
1 20 22 11 41 18 
1 20 22 11 41 19 
1 20 22 11 41 21 
1 20 22 11 41 23 
1 20 22 11 44 17 
1 20 22 11 44 18 
1 20 22 11 44 19 
1 20 22 11 44 21 
1 20 22 11 44 23 
1 20 22 14 31 17 
1 20 22 14 31 18 
1 20 22 14 31 19 
1 20 22 14 31 21 
1 20 22 14 31 23 
1 20 22 14 41 17 
1 20 22 14 41 18 
1 20 22 14 41 19 
1 20 22 14 41 21 
1 20 22 14 41 23 
1 20 22 14 44 17 
1 20 22 14 44 18 
1 20 22 14 44 19 
1 20 22 14 44 21 
1 20 22 14 44 23 
1 20 22 16 31 17 
1 20 22 16 31 18 
1 20 22 16 31 19 
1 20 22 16 31 21 
1 20 22 16 31 23 
1 20 22 16 41 17 
1 20 22 16 41 18 
1 20 22 16 41 19 
1 20 22 16 41 21 
1 20 22 16 41 23 
1 20 22 16 44 17 
1 20 22 16 44 18 
1 20 22 16 44 19 
1 20 22 16 44 21 
1 20 22 16 44 23 
1 20 22 21 31 17 
1 20 22 21 31 18 
1 20 22 21 31 19 
1 20 22 21 31 23 
1 20 22 21 41 17 
1 20 22 21 41 18 
1 20 22 21 41 19 
1 20 22 21 41 23 
1 20 22 21 44 17 
1 20 22 21 44 18 
1 20 22 21 44 19 
1 20 22 21 44 23 
1 20 23 6 34 4 
1 20 23 6 34 5 
1 20 23 6 34 7 
1 20 23 6 34 8 
1 20 23 6 34 9 
1 20 23 6 35 4 
1 20 23 6 35 5 
1 20 23 6 35 7 
1 20 23 6 35 8 
1 20 23 6 35 9 
1 20 23 6 37 4 
1 20 23 6 37 5 
1 20 23 6 37 7 
1 20 23 6 37 8 
1 20 23 6 37 9 
1 20 23 6 47 4 
1 20 23 6 47 5 
1 20 23 6 47 7 
1 20 23 6 47 8 
1 20 23 6 47 9 
1 20 23 9 34 4 
1 20 23 9 34 5 
1 20 23 9 34 6 
1 20 23 9 34 7 
1 20 23 9 34 8 
1 20 23 9 35 4 
1 20 23 9 35 5 
1 20 23 9 35 6 
1 20 23 9 35 7 
1 20 23 9 35 8 
1 20 23 9 37 4 
1 20 23 9 37 5 
1 20 23 9 37 6 
1 20 23 9 37 7 
1 20 23 9 37 8 
1 20 23 9 47 4 
1 20 23 9 47 5 
1 20 23 9 47 6 
1 20 23 9 47 7 
1 20 23 9 47 8 
1 20 23 11 34 4 
1 20 23 11 34 5 
1 20 23 11 34 6 
1 20 23 11 34 7 
1 20 23 11 34 8 
1 20 23 11 34 9 
1 20 23 11 35 4 
1 20 23 11 35 5 
1 20 23 11 35 6 
1 20 23 11 35 7 
1 20 23 11 35 8 
1 20 23 11 35 9 
1 20 23 11 37 4 
1 20 23 11 37 5 
1 20 23 11 37 6 
1 20 23 11 37 7 
1 20 23 11 37 8 
1 20 23 11 37 9 
1 20 23 11 47 4 
1 20 23 11 47 5 
1 20 23 11 47 6 
1 20 23 11 47 7 
1 20 23 11 47 8 
1 20 23 11 47 9 
1 20 23 14 34 4 
1 20 23 14 34 5 
1 20 23 14 34 6 
1 20 23 14 34 7 
1 20 23 14 34 8 
1 20 23 14 34 9 
1 20 23 14 35 4 
1 20 23 14 35 5 
1 20 23 14 35 6 
1 20 23 14 35 7 
1 20 23 14 35 8 
1 20 23 14 35 9 
1 20 23 14 37 4 
1 20 23 14 37 5 
1 20 23 14 37 6 
1 20 23 14 37 7 
1 20 23 14 37 8 
1 20 23 14 37 9 
1 20 23 14 47 4 
1 20 23 14 47 5 
1 20 23 14 47 6 
1 20 23 14 47 7 
1 20 23 14 47 8 
1 20 23 14 47 9 
1 20 23 16 34 4 
1 20 23 16 34 5 
1 20 23 16 34 6 
1 20 23 16 34 7 
1 20 23 16 34 8 
1 20 23 16 34 9 
1 20 23 16 35 4 
1 20 23 16 35 5 
1 20 23 16 35 6 
1 20 23 16 35 7 
1 20 23 16 35 8 
1 20 23 16 35 9 
1 20 23 16 37 4 
1 20 23 16 37 5 
1 20 23 16 37 6 
1 20 23 16 37 7 
1 20 23 16 37 8 
1 20 23 16 37 9 
1 20 23 16 47 4 
1 20 23 16 47 5 
1 20 23 16 47 6 
1 20 23 16 47 7 
1 20 23 16 47 8 
1 20 23 16 47 9 
1 20 23 21 34 4 
1 20 23 21 34 5 
1 20 23 21 34 6 
1 20 23 21 34 7 
1 20 23 21 34 8 
1 20 23 21 34 9 
1 20 23 21 35 4 
1 20 23 21 35 5 
1 20 23 21 35 6 
1 20 23 21 35 7 
1 20 23 21 35 8 
1 20 23 21 35 9 
1 20 23 21 37 4 
1 20 23 21 37 5 
1 20 23 21 37 6 
1 20 23 21 37 7 
1 20 23 21 37 8 
1 20 23 21 37 9 
1 20 23 21 47 4 
1 20 23 21 47 5 
1 20 23 21 47 6 
1 20 23 21 47 7 
1 20 23 21 47 8 
1 20 23 21 47 9 
1 20 23 22 34 4 
1 20 23 22 34 5 
1 20 23 22 34 6 
1 20 23 22 34 7 
1 20 23 22 34 8 
1 20 23 22 34 9 
1 20 23 22 35 4 
1 20 23 22 35 5 
1 20 23 22 35 6 
1 20 23 22 35 7 
1 20 23 22 35 8 
1 20 23 22 35 9 
1 20 23 22 37 4 
1 20 23 22 37 5 
1 20 23 22 37 6 
1 20 23 22 37 7 
1 20 23 22 37 8 
1 20 23 22 37 9 
1 20 23 22 47 4 
1 20 23 22 47 5 
1 20 23 22 47 6 
1 20 23 22 47 7 
1 20 23 22 47 8 
1 20 23 22 47 9 
1 23 17 6 35 4 
1 23 17 6 35 5 
1 23 17 6 35 7 
1 23 17 6 35 8 
1 23 17 6 35 9 
1 23 17 6 36 4 
1 23 17 6 36 5 
1 23 17 6 36 7 
1 23 17 6 36 8 
1 23 17 6 36 9 
1 23 17 6 37 4 
1 23 17 6 37 5 
1 23 17 6 37 7 
1 23 17 6 37 8 
1 23 17 6 37 9 
1 23 17 9 35 4 
1 23 17 9 35 5 
1 23 17 9 35 6 
1 23 17 9 35 7 
1 23 17 9 35 8 
1 23 17 9 36 4 
1 23 17 9 36 5 
1 23 17 9 36 6 
1 23 17 9 36 7 
1 23 17 9 36 8 
1 23 17 9 37 4 
1 23 17 9 37 5 
1 23 17 9 37 6 
1 23 17 9 37 7 
1 23 17 9 37 8 
1 23 17 11 35 4 
1 23 17 11 35 5 
1 23 17 11 35 6 
1 23 17 11 35 7 
1 23 17 11 35 8 
1 23 17 11 35 9 
1 23 17 11 36 4 
1 23 17 11 36 5 
1 23 17 11 36 6 
1 23 17 11 36 7 
1 23 17 11 36 8 
1 23 17 11 36 9 
1 23 17 11 37 4 
1 23 17 11 37 5 
1 23 17 11 37 6 
1 23 17 11 37 7 
1 23 17 11 37 8 
1 23 17 11 37 9 
1 23 17 14 35 4 
1 23 17 14 35 5 
1 23 17 14 35 6 
1 23 17 14 35 7 
1 23 17 14 35 8 
1 23 17 14 35 9 
1 23 17 14 36 4 
1 23 17 14 36 5 
1 23 17 14 36 6 
1 23 17 14 36 7 
1 23 17 14 36 8 
1 23 17 14 36 9 
1 23 17 14 37 4 
1 23 17 14 37 5 
1 23 17 14 37 6 
1 23 17 14 37 7 
1 23 17 14 37 8 
1 23 17 14 37 9 
1 23 17 16 35 4 
1 23 17 16 35 5 
1 23 17 16 35 6 
1 23 17 16 35 7 
1 23 17 16 35 8 
1 23 17 16 35 9 
1 23 17 16 36 4 
1 23 17 16 36 5 
1 23 17 16 36 6 
1 23 17 16 36 7 
1 23 17 16 36 8 
1 23 17 16 36 9 
1 23 17 16 37 4 
1 23 17 16 37 5 
1 23 17 16 37 6 
1 23 17 16 37 7 
1 23 17 16 37 8 
1 23 17 16 37 9 
1 23 17 21 35 4 
1 23 17 21 35 5 
1 23 17 21 35 6 
1 23 17 21 35 7 
1 23 17 21 35 8 
1 23 17 21 35 9 
1 23 17 21 36 4 
1 23 17 21 36 5 
1 23 17 21 36 6 
1 23 17 21 36 7 
1 23 17 21 36 8 
1 23 17 21 36 9 
1 23 17 21 37 4 
1 23 17 21 37 5 
1 23 17 21 37 6 
1 23 17 21 37 7 
1 23 17 21 37 8 
1 23 17 21 37 9 
1 23 17 22 35 4 
1 23 17 22 35 5 
1 23 17 22 35 6 
1 23 17 22 35 7 
1 23 17 22 35 8 
1 23 17 22 35 9 
1 23 17 22 36 4 
1 23 17 22 36 5 
1 23 17 22 36 6 
1 23 17 22 36 7 
1 23 17 22 36 8 
1 23 17 22 36 9 
1 23 17 22 37 4 
1 23 17 22 37 5 
1 23 17 22 37 6 
1 23 17 22 37 7 
1 23 17 22 37 8 
1 23 17 22 37 9 
1 23 18 6 35 10 
1 23 18 6 35 11 
1 23 18 6 35 12 
1 23 18 6 35 13 
1 23 18 6 35 14 
1 23 18 6 35 15 
1 23 18 6 35 16 
1 23 18 6 36 10 
1 23 18 6 36 11 
1 23 18 6 36 12 
1 23 18 6 36 13 
1 23 18 6 36 14 
1 23 18 6 36 15 
1 23 18 6 36 16 
1 23 18 6 37 10 
1 23 18 6 37 11 
1 23 18 6 37 12 
1 23 18 6 37 13 
1 23 18 6 37 14 
1 23 18 6 37 15 
1 23 18 6 37 16 
1 23 18 9 35 10 
1 23 18 9 35 11 
1 23 18 9 35 12 
1 23 18 9 35 13 
1 23 18 9 35 14 
1 23 18 9 35 15 
1 23 18 9 35 16 
1 23 18 9 36 10 
1 23 18 9 36 11 
1 23 18 9 36 12 
1 23 18 9 36 13 
1 23 18 9 36 14 
1 23 18 9 36 15 
1 23 18 9 36 16 
1 23 18 9 37 10 
1 23 18 9 37 11 
1 23 18 9 37 12 
1 23 18 9 37 13 
1 23 18 9 37 14 
1 23 18 9 37 15 
1 23 18 9 37 16 
1 23 18 11 35 10 
1 23 18 11 35 12 
1 23 18 11 35 13 
1 23 18 11 35 14 
1 23 18 11 35 15 
1 23 18 11 35 16 
1 23 18 11 36 10 
1 23 18 11 36 12 
1 23 18 11 36 13 
1 23 18 11 36 14 
1 23 18 11 36 15 
1 23 18 11 36 16 
1 23 18 11 37 10 
1 23 18 11 37 12 
1 23 18 11 37 13 
1 23 18 11 37 14 
1 23 18 11 37 15 
1 23 18 11 37 16 
1 23 18 14 35 10 
1 23 18 14 35 11 
1 23 18 14 35 12 
1 23 18 14 35 13 
1 23 18 14 35 15 
1 23 18 14 35 16 
1 23 18 14 36 10 
1 23 18 14 36 11 
1 23 18 14 36 12 
1 23 18 14 36 13 
1 23 18 14 36 15 
1 23 18 14 36 16 
1 23 18 14 37 10 
1 23 18 14 37 11 
1 23 18 14 37 12 
1 23 18 14 37 13 
1 23 18 14 37 15 
1 23 18 14 37 16 
1 23 18 16 35 10 
1 23 18 16 35 11 
1 23 18 16 35 12 
1 23 18 16 35 13 
1 23 18 16 35 14 
1 23 18 16 35 15 
1 23 18 16 36 10 
1 23 18 16 36 11 
1 23 18 16 36 12 
1 23 18 16 36 13 
1 23 18 16 36 14 
1 23 18 16 36 15 
1 23 18 16 37 10 
1 23 18 16 37 11 
1 23 18 16 37 12 
1 23 18 16 37 13 
1 23 18 16 37 14 
1 23 18 16 37 15 
1 23 18 21 35 10 
1 23 18 21 35 11 
1 23 18 21 35 12 
1 23 18 21 35 13 
1 23 18 21 35 14 
1 23 18 21 35 15 
1 23 18 21 35 16 
1 23 18 21 36 10 
1 23 18 21 36 11 
1 23 18 21 36 12 
1 23 18 21 36 13 
1 23 18 21 36 14 
1 23 18 21 36 15 
1 23 18 21 36 16 
1 23 18 21 37 10 
1 23 18 21 37 11 
1 23 18 21 37 12 
1 23 18 21 37 13 
1 23 18 21 37 14 
1 23 18 21 37 15 
1 23 18 21 37 16 
1 23 18 22 35 10 
1 23 18 22 35 11 
1 23 18 22 35 12 
1 23 18 22 35 13 
1 23 18 22 35 14 
1 23 18 22 35 15 
1 23 18 22 35 16 
1 23 18 22 36 10 
1 23 18 22 36 11 
1 23 18 22 36 12 
1 23 18 22 36 13 
1 23 18 22 36 14 
1 23 18 22 36 15 
1 23 18 22 36 16 
1 23 18 22 37 10 
1 23 18 22 37 11 
1 23 18 22 37 12 
1 23 18 22 37 13 
1 23 18 22 37 14 
1 23 18 22 37 15 
1 23 18 22 37 16 
1 23 19 6 39 4 
1 23 19 6 39 5 
1 23 19 6 39 7 
1 23 19 6 39 8 
1 23 19 6 39 9 
1 23 19 6 43 4 
1 23 19 6 43 5 
1 23 19 6 43 7 
1 23 19 6 43 8 
1 23 19 6 43 9 
1 23 19 9 39 4 
1 23 19 9 39 5 
1 23 19 9 39 6 
1 23 19 9 39 7 
1 23 19 9 39 8 
1 23 19 9 43 4 
1 23 19 9 43 5 
1 23 19 9 43 6 
1 23 19 9 43 7 
1 23 19 9 43 8 
1 23 19 11 39 4 
1 23 19 11 39 5 
1 23 19 11 39 6 
1 23 19 11 39 7 
1 23 19 11 39 8 
1 23 19 11 39 9 
1 23 19 11 43 4 
1 23 19 11 43 5 
1 23 19 11 43 6 
1 23 19 11 43 7 
1 23 19 11 43 8 
1 23 19 11 43 9 
1 23 19 14 39 4 
1 23 19 14 39 5 
1 23 19 14 39 6 
1 23 19 14 39 7 
1 23 19 14 39 8 
1 23 19 14 39 9 
1 23 19 14 43 4 
1 23 19 14 43 5 
1 23 19 14 43 6 
1 23 19 14 43 7 
1 23 19 14 43 8 
1 23 19 14 43 9 
1 23 19 16 39 4 
1 23 19 16 39 5 
1 23 19 16 39 6 
1 23 19 16 39 7 
1 23 19 16 39 8 
1 23 19 16 39 9 
1 23 19 16 43 4 
1 23 19 16 43 5 
1 23 19 16 43 6 
1 23 19 16 43 7 
1 23 19 16 43 8 
1 23 19 16 43 9 
1 23 19 21 39 4 
1 23 19 21 39 5 
1 23 19 21 39 6 
1 23 19 21 39 7 
1 23 19 21 39 8 
1 23 19 21 39 9 
1 23 19 21 43 4 
1 23 19 21 43 5 
1 23 19 21 43 6 
1 23 19 21 43 7 
1 23 19 21 43 8 
1 23 19 21 43 9 
1 23 19 22 39 4 
1 23 19 22 39 5 
1 23 19 22 39 6 
1 23 19 22 39 7 
1 23 19 22 39 8 
1 23 19 22 39 9 
1 23 19 22 43 4 
1 23 19 22 43 5 
1 23 19 22 43 6 
1 23 19 22 43 7 
1 23 19 22 43 8 
1 23 19 22 43 9 
1 23 20 6 31 4 
1 23 20 6 31 5 
1 23 20 6 31 7 
1 23 20 6 31 8 
1 23 20 6 31 9 
1 23 20 6 42 4 
1 23 20 6 42 5 
1 23 20 6 42 7 
1 23 20 6 42 8 
1 23 20 6 42 9 
1 23 20 6 47 4 
1 23 20 6 47 5 
1 23 20 6 47 7 
1 23 20 6 47 8 
1 23 20 6 47 9 
1 23 20 6 48 4 
1 23 20 6 48 5 
1 23 20 6 48 7 
1 23 20 6 48 8 
1 23 20 6 48 9 
1 23 20 9 31 4 
1 23 20 9 31 5 
1 23 20 9 31 6 
1 23 20 9 31 7 
1 23 20 9 31 8 
1 23 20 9 42 4 
1 23 20 9 42 5 
1 23 20 9 42 6 
1 23 20 9 42 7 
1 23 20 9 42 8 
1 23 20 9 47 4 
1 23 20 9 47 5 
1 23 20 9 47 6 
1 23 20 9 47 7 
1 23 20 9 47 8 
1 23 20 9 48 4 
1 23 20 9 48 5 
1 23 20 9 48 6 
1 23 20 9 48 7 
1 23 20 9 48 8 
1 23 20 11 31 4 
1 23 20 11 31 5 
1 23 20 11 31 6 
1 23 20 11 31 7 
1 23 20 11 31 8 
1 23 20 11 31 9 
1 23 20 11 42 4 
1 23 20 11 42 5 
1 23 20 11 42 6 
1 23 20 11 42 7 
1 23 20 11 42 8 
1 23 20 11 42 9 
1 23 20 11 47 4 
1 23 20 11 47 5 
1 23 20 11 47 6 
1 23 20 11 47 7 
1 23 20 11 47 8 
1 23 20 11 47 9 
1 23 20 11 48 4 
1 23 20 11 48 5 
1 23 20 11 48 6 
1 23 20 11 48 7 
1 23 20 11 48 8 
1 23 20 11 48 9 
1 23 20 14 31 4 
1 23 20 14 31 5 
1 23 20 14 31 6 
1 23 20 14 31 7 
1 23 20 14 31 8 
1 23 20 14 31 9 
1 23 20 14 42 4 
1 23 20 14 42 5 
1 23 20 14 42 6 
1 23 20 14 42 7 
1 23 20 14 42 8 
1 23 20 14 42 9 
1 23 20 14 47 4 
1 23 20 14 47 5 
1 23 20 14 47 6 
1 23 20 14 47 7 
1 23 20 14 47 8 
1 23 20 14 47 9 
1 23 20 14 48 4 
1 23 20 14 48 5 
1 23 20 14 48 6 
1 23 20 14 48 7 
1 23 20 14 48 8 
1 23 20 14 48 9 
1 23 20 16 31 4 
1 23 20 16 31 5 
1 23 20 16 31 6 
1 23 20 16 31 7 
1 23 20 16 31 8 
1 23 20 16 31 9 
1 23 20 16 42 4 
1 23 20 16 42 5 
1 23 20 16 42 6 
1 23 20 16 42 7 
1 23 20 16 42 8 
1 23 20 16 42 9 
1 23 20 16 47 4 
1 23 20 16 47 5 
1 23 20 16 47 6 
1 23 20 16 47 7 
1 23 20 16 47 8 
1 23 20 16 47 9 
1 23 20 16 48 4 
1 23 20 16 48 5 
1 23 20 16 48 6 
1 23 20 16 48 7 
1 23 20 16 48 8 
1 23 20 16 48 9 
1 23 20 21 31 4 
1 23 20 21 31 5 
1 23 20 21 31 6 
1 23 20 21 31 7 
1 23 20 21 31 8 
1 23 20 21 31 9 
1 23 20 21 42 4 
1 23 20 21 42 5 
1 23 20 21 42 6 
1 23 20 21 42 7 
1 23 20 21 42 8 
1 23 20 21 42 9 
1 23 20 21 47 4 
1 23 20 21 47 5 
1 23 20 21 47 6 
1 23 20 21 47 7 
1 23 20 21 47 8 
1 23 20 21 47 9 
1 23 20 21 48 4 
1 23 20 21 48 5 
1 23 20 21 48 6 
1 23 20 21 48 7 
1 23 20 21 48 8 
1 23 20 21 48 9 
1 23 20 22 31 4 
1 23 20 22 31 5 
1 23 20 22 31 6 
1 23 20 22 31 7 
1 23 20 22 31 8 
1 23 20 22 31 9 
1 23 20 22 42 4 
1 23 20 22 42 5 
1 23 20 22 42 6 
1 23 20 22 42 7 
1 23 20 22 42 8 
1 23 20 22 42 9 
1 23 20 22 47 4 
1 23 20 22 47 5 
1 23 20 22 47 6 
1 23 20 22 47 7 
1 23 20 22 47 8 
1 23 20 22 47 9 
1 23 20 22 48 4 
1 23 20 22 48 5 
1 23 20 22 48 6 
1 23 20 22 48 7 
1 23 20 22 48 8 
1 23 20 22 48 9 
1 23 21 6 31 17 
1 23 21 6 31 18 
1 23 21 6 31 19 
1 23 21 6 31 20 
1 23 21 6 31 22 
1 23 21 6 42 17 
1 23 21 6 42 18 
1 23 21 6 42 19 
1 23 21 6 42 20 
1 23 21 6 42 22 
1 23 21 6 47 17 
1 23 21 6 47 18 
1 23 21 6 47 19 
1 23 21 6 47 20 
1 23 21 6 47 22 
1 23 21 6 48 17 
1 23 21 6 48 18 
1 23 21 6 48 19 
1 23 21 6 48 20 
1 23 21 6 48 22 
1 23 21 9 31 17 
1 23 21 9 31 18 
1 23 21 9 31 19 
1 23 21 9 31 20 
1 23 21 9 31 22 
1 23 21 9 42 17 
1 23 21 9 42 18 
1 23 21 9 42 19 
1 23 21 9 42 20 
1 23 21 9 42 22 
1 23 21 9 47 17 
1 23 21 9 47 18 
1 23 21 9 47 19 
1 23 21 9 47 20 
1 23 21 9 47 22 
1 23 21 9 48 17 
1 23 21 9 48 18 
1 23 21 9 48 19 
1 23 21 9 48 20 
1 23 21 9 48 22 
1 23 21 11 31 17 
1 23 21 11 31 18 
1 23 21 11 31 19 
1 23 21 11 31 20 
1 23 21 11 31 22 
1 23 21 11 42 17 
1 23 21 11 42 18 
1 23 21 11 42 19 
1 23 21 11 42 20 
1 23 21 11 42 22 
1 23 21 11 47 17 
1 23 21 11 47 18 
1 23 21 11 47 19 
1 23 21 11 47 20 
1 23 21 11 47 22 
1 23 21 11 48 17 
1 23 21 11 48 18 
1 23 21 11 48 19 
1 23 21 11 48 20 
1 23 21 11 48 22 
1 23 21 14 31 17 
1 23 21 14 31 18 
1 23 21 14 31 19 
1 23 21 14 31 20 
1 23 21 14 31 22 
1 23 21 14 42 17 
1 23 21 14 42 18 
1 23 21 14 42 19 
1 23 21 14 42 20 
1 23 21 14 42 22 
1 23 21 14 47 17 
1 23 21 14 47 18 
1 23 21 14 47 19 
1 23 21 14 47 20 
1 23 21 14 47 22 
1 23 21 14 48 17 
1 23 21 14 48 18 
1 23 21 14 48 19 
1 23 21 14 48 20 
1 23 21 14 48 22 
1 23 21 16 31 17 
1 23 21 16 31 18 
1 23 21 16 31 19 
1 23 21 16 31 20 
1 23 21 16 31 22 
1 23 21 16 42 17 
1 23 21 16 42 18 
1 23 21 16 42 19 
1 23 21 16 42 20 
1 23 21 16 42 22 
1 23 21 16 47 17 
1 23 21 16 47 18 
1 23 21 16 47 19 
1 23 21 16 47 20 
1 23 21 16 47 22 
1 23 21 16 48 17 
1 23 21 16 48 18 
1 23 21 16 48 19 
1 23 21 16 48 20 
1 23 21 16 48 22 
1 23 21 22 31 17 
1 23 21 22 31 18 
1 23 21 22 31 19 
1 23 21 22 31 20 
1 23 21 22 42 17 
1 23 21 22 42 18 
1 23 21 22 42 19 
1 23 21 22 42 20 
1 23 21 22 47 17 
1 23 21 22 47 18 
1 23 21 22 47 19 
1 23 21 22 47 20 
1 23 21 22 48 17 
1 23 21 22 48 18 
1 23 21 22 48 19 
1 23 21 22 48 20 
1 23 22 6 33 17 
1 23 22 6 33 18 
1 23 22 6 33 19 
1 23 22 6 33 20 
1 23 22 6 33 21 
1 23 22 6 34 17 
1 23 22 6 34 18 
1 23 22 6 34 19 
1 23 22 6 34 20 
1 23 22 6 34 21 
1 23 22 6 47 17 
1 23 22 6 47 18 
1 23 22 6 47 19 
1 23 22 6 47 20 
1 23 22 6 47 21 
1 23 22 9 33 17 
1 23 22 9 33 18 
1 23 22 9 33 19 
1 23 22 9 33 20 
1 23 22 9 33 21 
1 23 22 9 34 17 
1 23 22 9 34 18 
1 23 22 9 34 19 
1 23 22 9 34 20 
1 23 22 9 34 21 
1 23 22 9 47 17 
1 23 22 9 47 18 
1 23 22 9 47 19 
1 23 22 9 47 20 
1 23 22 9 47 21 
1 23 22 11 33 17 
1 23 22 11 33 18 
1 23 22 11 33 19 
1 23 22 11 33 20 
1 23 22 11 33 21 
1 23 22 11 34 17 
1 23 22 11 34 18 
1 23 22 11 34 19 
1 23 22 11 34 20 
1 23 22 11 34 21 
1 23 22 11 47 17 
1 23 22 11 47 18 
1 23 22 11 47 19 
1 23 22 11 47 20 
1 23 22 11 47 21 
1 23 22 14 33 17 
1 23 22 14 33 18 
1 23 22 14 33 19 
1 23 22 14 33 20 
1 23 22 14 33 21 
1 23 22 14 34 17 
1 23 22 14 34 18 
1 23 22 14 34 19 
1 23 22 14 34 20 
1 23 22 14 34 21 
1 23 22 14 47 17 
1 23 22 14 47 18 
1 23 22 14 47 19 
1 23 22 14 47 20 
1 23 22 14 47 21 
1 23 22 16 33 17 
1 23 22 16 33 18 
1 23 22 16 33 19 
1 23 22 16 33 20 
1 23 22 16 33 21 
1 23 22 16 34 17 
1 23 22 16 34 18 
1 23 22 16 34 19 
1 23 22 16 34 20 
1 23 22 16 34 21 
1 23 22 16 47 17 
1 23 22 16 47 18 
1 23 22 16 47 19 
1 23 22 16 47 20 
1 23 22 16 47 21 
1 23 22 21 33 17 
1 23 22 21 33 18 
1 23 22 21 33 19 
1 23 22 21 33 20 
1 23 22 21 34 17 
1 23 22 21 34 18 
1 23 22 21 34 19 
1 23 22 21 34 20 
1 23 22 21 47 17 
1 23 22 21 47 18 
1 23 22 21 47 19 
1 23 22 21 47 20 
