7
2
0
0
1
0 4 10 5 24 11 
0 4 10 5 24 12 
0 4 10 5 24 13 
0 4 10 5 24 14 
0 4 10 5 24 15 
0 4 10 5 24 16 
0 4 10 5 27 11 
0 4 10 5 27 12 
0 4 10 5 27 13 
0 4 10 5 27 14 
0 4 10 5 27 15 
0 4 10 5 27 16 
0 4 10 5 28 11 
0 4 10 5 28 12 
0 4 10 5 28 13 
0 4 10 5 28 14 
0 4 10 5 28 15 
0 4 10 5 28 16 
0 4 10 15 24 11 
0 4 10 15 24 12 
0 4 10 15 24 13 
0 4 10 15 24 14 
0 4 10 15 24 16 
0 4 10 15 27 11 
0 4 10 15 27 12 
0 4 10 15 27 13 
0 4 10 15 27 14 
0 4 10 15 27 16 
0 4 10 15 28 11 
0 4 10 15 28 12 
0 4 10 15 28 13 
0 4 10 15 28 14 
0 4 10 15 28 16 
0 4 10 17 24 11 
0 4 10 17 24 12 
0 4 10 17 24 13 
0 4 10 17 24 14 
0 4 10 17 24 15 
0 4 10 17 24 16 
0 4 10 17 27 11 
0 4 10 17 27 12 
0 4 10 17 27 13 
0 4 10 17 27 14 
0 4 10 17 27 15 
0 4 10 17 27 16 
0 4 10 17 28 11 
0 4 10 17 28 12 
0 4 10 17 28 13 
0 4 10 17 28 14 
0 4 10 17 28 15 
0 4 10 17 28 16 
0 4 10 19 24 11 
0 4 10 19 24 12 
0 4 10 19 24 13 
0 4 10 19 24 14 
0 4 10 19 24 15 
0 4 10 19 24 16 
0 4 10 19 27 11 
0 4 10 19 27 12 
0 4 10 19 27 13 
0 4 10 19 27 14 
0 4 10 19 27 15 
0 4 10 19 27 16 
0 4 10 19 28 11 
0 4 10 19 28 12 
0 4 10 19 28 13 
0 4 10 19 28 14 
0 4 10 19 28 15 
0 4 10 19 28 16 
0 4 10 20 24 11 
0 4 10 20 24 12 
0 4 10 20 24 13 
0 4 10 20 24 14 
0 4 10 20 24 15 
0 4 10 20 24 16 
0 4 10 20 27 11 
0 4 10 20 27 12 
0 4 10 20 27 13 
0 4 10 20 27 14 
0 4 10 20 27 15 
0 4 10 20 27 16 
0 4 10 20 28 11 
0 4 10 20 28 12 
0 4 10 20 28 13 
0 4 10 20 28 14 
0 4 10 20 28 15 
0 4 10 20 28 16 
0 4 10 23 24 11 
0 4 10 23 24 12 
0 4 10 23 24 13 
0 4 10 23 24 14 
0 4 10 23 24 15 
0 4 10 23 24 16 
0 4 10 23 27 11 
0 4 10 23 27 12 
0 4 10 23 27 13 
0 4 10 23 27 14 
0 4 10 23 27 15 
0 4 10 23 27 16 
0 4 10 23 28 11 
0 4 10 23 28 12 
0 4 10 23 28 13 
0 4 10 23 28 14 
0 4 10 23 28 15 
0 4 10 23 28 16 
0 4 11 5 27 17 
0 4 11 5 27 18 
0 4 11 5 27 19 
0 4 11 5 27 20 
0 4 11 5 27 21 
0 4 11 5 27 22 
0 4 11 5 27 23 
0 4 11 5 38 17 
0 4 11 5 38 18 
0 4 11 5 38 19 
0 4 11 5 38 20 
0 4 11 5 38 21 
0 4 11 5 38 22 
0 4 11 5 38 23 
0 4 11 5 39 17 
0 4 11 5 39 18 
0 4 11 5 39 19 
0 4 11 5 39 20 
0 4 11 5 39 21 
0 4 11 5 39 22 
0 4 11 5 39 23 
0 4 11 15 27 17 
0 4 11 15 27 18 
0 4 11 15 27 19 
0 4 11 15 27 20 
0 4 11 15 27 21 
0 4 11 15 27 22 
0 4 11 15 27 23 
0 4 11 15 38 17 
0 4 11 15 38 18 
0 4 11 15 38 19 
0 4 11 15 38 20 
0 4 11 15 38 21 
0 4 11 15 38 22 
0 4 11 15 38 23 
0 4 11 15 39 17 
0 4 11 15 39 18 
0 4 11 15 39 19 
0 4 11 15 39 20 
0 4 11 15 39 21 
0 4 11 15 39 22 
0 4 11 15 39 23 
0 4 11 17 27 18 
0 4 11 17 27 19 
0 4 11 17 27 20 
0 4 11 17 27 21 
0 4 11 17 27 22 
0 4 11 17 27 23 
0 4 11 17 38 18 
0 4 11 17 38 19 
0 4 11 17 38 20 
0 4 11 17 38 21 
0 4 11 17 38 22 
0 4 11 17 38 23 
0 4 11 17 39 18 
0 4 11 17 39 19 
0 4 11 17 39 20 
0 4 11 17 39 21 
0 4 11 17 39 22 
0 4 11 17 39 23 
0 4 11 19 27 17 
0 4 11 19 27 18 
0 4 11 19 27 20 
0 4 11 19 27 21 
0 4 11 19 27 22 
0 4 11 19 27 23 
0 4 11 19 38 17 
0 4 11 19 38 18 
0 4 11 19 38 20 
0 4 11 19 38 21 
0 4 11 19 38 22 
0 4 11 19 38 23 
0 4 11 19 39 17 
0 4 11 19 39 18 
0 4 11 19 39 20 
0 4 11 19 39 21 
0 4 11 19 39 22 
0 4 11 19 39 23 
0 4 11 20 27 17 
0 4 11 20 27 18 
0 4 11 20 27 19 
0 4 11 20 27 21 
0 4 11 20 27 22 
0 4 11 20 27 23 
0 4 11 20 38 17 
0 4 11 20 38 18 
0 4 11 20 38 19 
0 4 11 20 38 21 
0 4 11 20 38 22 
0 4 11 20 38 23 
0 4 11 20 39 17 
0 4 11 20 39 18 
0 4 11 20 39 19 
0 4 11 20 39 21 
0 4 11 20 39 22 
0 4 11 20 39 23 
0 4 11 23 27 17 
0 4 11 23 27 18 
0 4 11 23 27 19 
0 4 11 23 27 20 
0 4 11 23 27 21 
0 4 11 23 27 22 
0 4 11 23 38 17 
0 4 11 23 38 18 
0 4 11 23 38 19 
0 4 11 23 38 20 
0 4 11 23 38 21 
0 4 11 23 38 22 
0 4 11 23 39 17 
0 4 11 23 39 18 
0 4 11 23 39 19 
0 4 11 23 39 20 
0 4 11 23 39 21 
0 4 11 23 39 22 
0 4 12 5 25 10 
0 4 12 5 25 11 
0 4 12 5 25 13 
0 4 12 5 25 14 
0 4 12 5 25 15 
0 4 12 5 25 16 
0 4 12 5 38 10 
0 4 12 5 38 11 
0 4 12 5 38 13 
0 4 12 5 38 14 
0 4 12 5 38 15 
0 4 12 5 38 16 
0 4 12 5 39 10 
0 4 12 5 39 11 
0 4 12 5 39 13 
0 4 12 5 39 14 
0 4 12 5 39 15 
0 4 12 5 39 16 
0 4 12 5 40 10 
0 4 12 5 40 11 
0 4 12 5 40 13 
0 4 12 5 40 14 
0 4 12 5 40 15 
0 4 12 5 40 16 
0 4 12 15 25 10 
0 4 12 15 25 11 
0 4 12 15 25 13 
0 4 12 15 25 14 
0 4 12 15 25 16 
0 4 12 15 38 10 
0 4 12 15 38 11 
0 4 12 15 38 13 
0 4 12 15 38 14 
0 4 12 15 38 16 
0 4 12 15 39 10 
0 4 12 15 39 11 
0 4 12 15 39 13 
0 4 12 15 39 14 
0 4 12 15 39 16 
0 4 12 15 40 10 
0 4 12 15 40 11 
0 4 12 15 40 13 
0 4 12 15 40 14 
0 4 12 15 40 16 
0 4 12 17 25 10 
0 4 12 17 25 11 
0 4 12 17 25 13 
0 4 12 17 25 14 
0 4 12 17 25 15 
0 4 12 17 25 16 
0 4 12 17 38 10 
0 4 12 17 38 11 
0 4 12 17 38 13 
0 4 12 17 38 14 
0 4 12 17 38 15 
0 4 12 17 38 16 
0 4 12 17 39 10 
0 4 12 17 39 11 
0 4 12 17 39 13 
0 4 12 17 39 14 
0 4 12 17 39 15 
0 4 12 17 39 16 
0 4 12 17 40 10 
0 4 12 17 40 11 
0 4 12 17 40 13 
0 4 12 17 40 14 
0 4 12 17 40 15 
0 4 12 17 40 16 
0 4 12 19 25 10 
0 4 12 19 25 11 
0 4 12 19 25 13 
0 4 12 19 25 14 
0 4 12 19 25 15 
0 4 12 19 25 16 
0 4 12 19 38 10 
0 4 12 19 38 11 
0 4 12 19 38 13 
0 4 12 19 38 14 
0 4 12 19 38 15 
0 4 12 19 38 16 
0 4 12 19 39 10 
0 4 12 19 39 11 
0 4 12 19 39 13 
0 4 12 19 39 14 
0 4 12 19 39 15 
0 4 12 19 39 16 
0 4 12 19 40 10 
0 4 12 19 40 11 
0 4 12 19 40 13 
0 4 12 19 40 14 
0 4 12 19 40 15 
0 4 12 19 40 16 
0 4 12 20 25 10 
0 4 12 20 25 11 
0 4 12 20 25 13 
0 4 12 20 25 14 
0 4 12 20 25 15 
0 4 12 20 25 16 
0 4 12 20 38 10 
0 4 12 20 38 11 
0 4 12 20 38 13 
0 4 12 20 38 14 
0 4 12 20 38 15 
0 4 12 20 38 16 
0 4 12 20 39 10 
0 4 12 20 39 11 
0 4 12 20 39 13 
0 4 12 20 39 14 
0 4 12 20 39 15 
0 4 12 20 39 16 
0 4 12 20 40 10 
0 4 12 20 40 11 
0 4 12 20 40 13 
0 4 12 20 40 14 
0 4 12 20 40 15 
0 4 12 20 40 16 
0 4 12 23 25 10 
0 4 12 23 25 11 
0 4 12 23 25 13 
0 4 12 23 25 14 
0 4 12 23 25 15 
0 4 12 23 25 16 
0 4 12 23 38 10 
0 4 12 23 38 11 
0 4 12 23 38 13 
0 4 12 23 38 14 
0 4 12 23 38 15 
0 4 12 23 38 16 
0 4 12 23 39 10 
0 4 12 23 39 11 
0 4 12 23 39 13 
0 4 12 23 39 14 
0 4 12 23 39 15 
0 4 12 23 39 16 
0 4 12 23 40 10 
0 4 12 23 40 11 
0 4 12 23 40 13 
0 4 12 23 40 14 
0 4 12 23 40 15 
0 4 12 23 40 16 
0 4 13 5 28 10 
0 4 13 5 28 11 
0 4 13 5 28 12 
0 4 13 5 28 14 
0 4 13 5 28 15 
0 4 13 5 28 16 
0 4 13 5 36 10 
0 4 13 5 36 11 
0 4 13 5 36 12 
0 4 13 5 36 14 
0 4 13 5 36 15 
0 4 13 5 36 16 
0 4 13 15 28 10 
0 4 13 15 28 11 
0 4 13 15 28 12 
0 4 13 15 28 14 
0 4 13 15 28 16 
0 4 13 15 36 10 
0 4 13 15 36 11 
0 4 13 15 36 12 
0 4 13 15 36 14 
0 4 13 15 36 16 
0 4 13 17 28 10 
0 4 13 17 28 11 
0 4 13 17 28 12 
0 4 13 17 28 14 
0 4 13 17 28 15 
0 4 13 17 28 16 
0 4 13 17 36 10 
0 4 13 17 36 11 
0 4 13 17 36 12 
0 4 13 17 36 14 
0 4 13 17 36 15 
0 4 13 17 36 16 
0 4 13 19 28 10 
0 4 13 19 28 11 
0 4 13 19 28 12 
0 4 13 19 28 14 
0 4 13 19 28 15 
0 4 13 19 28 16 
0 4 13 19 36 10 
0 4 13 19 36 11 
0 4 13 19 36 12 
0 4 13 19 36 14 
0 4 13 19 36 15 
0 4 13 19 36 16 
0 4 13 20 28 10 
0 4 13 20 28 11 
0 4 13 20 28 12 
0 4 13 20 28 14 
0 4 13 20 28 15 
0 4 13 20 28 16 
0 4 13 20 36 10 
0 4 13 20 36 11 
0 4 13 20 36 12 
0 4 13 20 36 14 
0 4 13 20 36 15 
0 4 13 20 36 16 
0 4 13 23 28 10 
0 4 13 23 28 11 
0 4 13 23 28 12 
0 4 13 23 28 14 
0 4 13 23 28 15 
0 4 13 23 28 16 
0 4 13 23 36 10 
0 4 13 23 36 11 
0 4 13 23 36 12 
0 4 13 23 36 14 
0 4 13 23 36 15 
0 4 13 23 36 16 
0 4 14 5 28 17 
0 4 14 5 28 18 
0 4 14 5 28 19 
0 4 14 5 28 20 
0 4 14 5 28 21 
0 4 14 5 28 22 
0 4 14 5 28 23 
0 4 14 5 36 17 
0 4 14 5 36 18 
0 4 14 5 36 19 
0 4 14 5 36 20 
0 4 14 5 36 21 
0 4 14 5 36 22 
0 4 14 5 36 23 
0 4 14 15 28 17 
0 4 14 15 28 18 
0 4 14 15 28 19 
0 4 14 15 28 20 
0 4 14 15 28 21 
0 4 14 15 28 22 
0 4 14 15 28 23 
0 4 14 15 36 17 
0 4 14 15 36 18 
0 4 14 15 36 19 
0 4 14 15 36 20 
0 4 14 15 36 21 
0 4 14 15 36 22 
0 4 14 15 36 23 
0 4 14 17 28 18 
0 4 14 17 28 19 
0 4 14 17 28 20 
0 4 14 17 28 21 
0 4 14 17 28 22 
0 4 14 17 28 23 
0 4 14 17 36 18 
0 4 14 17 36 19 
0 4 14 17 36 20 
0 4 14 17 36 21 
0 4 14 17 36 22 
0 4 14 17 36 23 
0 4 14 19 28 17 
0 4 14 19 28 18 
0 4 14 19 28 20 
0 4 14 19 28 21 
0 4 14 19 28 22 
0 4 14 19 28 23 
0 4 14 19 36 17 
0 4 14 19 36 18 
0 4 14 19 36 20 
0 4 14 19 36 21 
0 4 14 19 36 22 
0 4 14 19 36 23 
0 4 14 20 28 17 
0 4 14 20 28 18 
0 4 14 20 28 19 
0 4 14 20 28 21 
0 4 14 20 28 22 
0 4 14 20 28 23 
0 4 14 20 36 17 
0 4 14 20 36 18 
0 4 14 20 36 19 
0 4 14 20 36 21 
0 4 14 20 36 22 
0 4 14 20 36 23 
0 4 14 23 28 17 
0 4 14 23 28 18 
0 4 14 23 28 19 
0 4 14 23 28 20 
0 4 14 23 28 21 
0 4 14 23 28 22 
0 4 14 23 36 17 
0 4 14 23 36 18 
0 4 14 23 36 19 
0 4 14 23 36 20 
0 4 14 23 36 21 
0 4 14 23 36 22 
0 4 15 5 33 6 
0 4 15 5 33 7 
0 4 15 5 33 8 
0 4 15 5 33 9 
0 4 15 5 42 6 
0 4 15 5 42 7 
0 4 15 5 42 8 
0 4 15 5 42 9 
0 4 15 5 43 6 
0 4 15 5 43 7 
0 4 15 5 43 8 
0 4 15 5 43 9 
0 4 15 17 33 5 
0 4 15 17 33 6 
0 4 15 17 33 7 
0 4 15 17 33 8 
0 4 15 17 33 9 
0 4 15 17 42 5 
0 4 15 17 42 6 
0 4 15 17 42 7 
0 4 15 17 42 8 
0 4 15 17 42 9 
0 4 15 17 43 5 
0 4 15 17 43 6 
0 4 15 17 43 7 
0 4 15 17 43 8 
0 4 15 17 43 9 
0 4 15 19 33 5 
0 4 15 19 33 6 
0 4 15 19 33 7 
0 4 15 19 33 8 
0 4 15 19 33 9 
0 4 15 19 42 5 
0 4 15 19 42 6 
0 4 15 19 42 7 
0 4 15 19 42 8 
0 4 15 19 42 9 
0 4 15 19 43 5 
0 4 15 19 43 6 
0 4 15 19 43 7 
0 4 15 19 43 8 
0 4 15 19 43 9 
0 4 15 20 33 5 
0 4 15 20 33 6 
0 4 15 20 33 7 
0 4 15 20 33 8 
0 4 15 20 33 9 
0 4 15 20 42 5 
0 4 15 20 42 6 
0 4 15 20 42 7 
0 4 15 20 42 8 
0 4 15 20 42 9 
0 4 15 20 43 5 
0 4 15 20 43 6 
0 4 15 20 43 7 
0 4 15 20 43 8 
0 4 15 20 43 9 
0 4 15 23 33 5 
0 4 15 23 33 6 
0 4 15 23 33 7 
0 4 15 23 33 8 
0 4 15 23 33 9 
0 4 15 23 42 5 
0 4 15 23 42 6 
0 4 15 23 42 7 
0 4 15 23 42 8 
0 4 15 23 42 9 
0 4 15 23 43 5 
0 4 15 23 43 6 
0 4 15 23 43 7 
0 4 15 23 43 8 
0 4 15 23 43 9 
0 4 16 5 33 17 
0 4 16 5 33 18 
0 4 16 5 33 19 
0 4 16 5 33 20 
0 4 16 5 33 21 
0 4 16 5 33 22 
0 4 16 5 33 23 
0 4 16 5 42 17 
0 4 16 5 42 18 
0 4 16 5 42 19 
0 4 16 5 42 20 
0 4 16 5 42 21 
0 4 16 5 42 22 
0 4 16 5 42 23 
0 4 16 5 43 17 
0 4 16 5 43 18 
0 4 16 5 43 19 
0 4 16 5 43 20 
0 4 16 5 43 21 
0 4 16 5 43 22 
0 4 16 5 43 23 
0 4 16 15 33 17 
0 4 16 15 33 18 
0 4 16 15 33 19 
0 4 16 15 33 20 
0 4 16 15 33 21 
0 4 16 15 33 22 
0 4 16 15 33 23 
0 4 16 15 42 17 
0 4 16 15 42 18 
0 4 16 15 42 19 
0 4 16 15 42 20 
0 4 16 15 42 21 
0 4 16 15 42 22 
0 4 16 15 42 23 
0 4 16 15 43 17 
0 4 16 15 43 18 
0 4 16 15 43 19 
0 4 16 15 43 20 
0 4 16 15 43 21 
0 4 16 15 43 22 
0 4 16 15 43 23 
0 4 16 17 33 18 
0 4 16 17 33 19 
0 4 16 17 33 20 
0 4 16 17 33 21 
0 4 16 17 33 22 
0 4 16 17 33 23 
0 4 16 17 42 18 
0 4 16 17 42 19 
0 4 16 17 42 20 
0 4 16 17 42 21 
0 4 16 17 42 22 
0 4 16 17 42 23 
0 4 16 17 43 18 
0 4 16 17 43 19 
0 4 16 17 43 20 
0 4 16 17 43 21 
0 4 16 17 43 22 
0 4 16 17 43 23 
0 4 16 19 33 17 
0 4 16 19 33 18 
0 4 16 19 33 20 
0 4 16 19 33 21 
0 4 16 19 33 22 
0 4 16 19 33 23 
0 4 16 19 42 17 
0 4 16 19 42 18 
0 4 16 19 42 20 
0 4 16 19 42 21 
0 4 16 19 42 22 
0 4 16 19 42 23 
0 4 16 19 43 17 
0 4 16 19 43 18 
0 4 16 19 43 20 
0 4 16 19 43 21 
0 4 16 19 43 22 
0 4 16 19 43 23 
0 4 16 20 33 17 
0 4 16 20 33 18 
0 4 16 20 33 19 
0 4 16 20 33 21 
0 4 16 20 33 22 
0 4 16 20 33 23 
0 4 16 20 42 17 
0 4 16 20 42 18 
0 4 16 20 42 19 
0 4 16 20 42 21 
0 4 16 20 42 22 
0 4 16 20 42 23 
0 4 16 20 43 17 
0 4 16 20 43 18 
0 4 16 20 43 19 
0 4 16 20 43 21 
0 4 16 20 43 22 
0 4 16 20 43 23 
0 4 16 23 33 17 
0 4 16 23 33 18 
0 4 16 23 33 19 
0 4 16 23 33 20 
0 4 16 23 33 21 
0 4 16 23 33 22 
0 4 16 23 42 17 
0 4 16 23 42 18 
0 4 16 23 42 19 
0 4 16 23 42 20 
0 4 16 23 42 21 
0 4 16 23 42 22 
0 4 16 23 43 17 
0 4 16 23 43 18 
0 4 16 23 43 19 
0 4 16 23 43 20 
0 4 16 23 43 21 
0 4 16 23 43 22 
0 5 10 4 29 11 
0 5 10 4 29 12 
0 5 10 4 29 13 
0 5 10 4 29 14 
0 5 10 4 29 15 
0 5 10 4 29 16 
0 5 10 4 30 11 
0 5 10 4 30 12 
0 5 10 4 30 13 
0 5 10 4 30 14 
0 5 10 4 30 15 
0 5 10 4 30 16 
0 5 10 15 29 11 
0 5 10 15 29 12 
0 5 10 15 29 13 
0 5 10 15 29 14 
0 5 10 15 29 16 
0 5 10 15 30 11 
0 5 10 15 30 12 
0 5 10 15 30 13 
0 5 10 15 30 14 
0 5 10 15 30 16 
0 5 10 17 29 11 
0 5 10 17 29 12 
0 5 10 17 29 13 
0 5 10 17 29 14 
0 5 10 17 29 15 
0 5 10 17 29 16 
0 5 10 17 30 11 
0 5 10 17 30 12 
0 5 10 17 30 13 
0 5 10 17 30 14 
0 5 10 17 30 15 
0 5 10 17 30 16 
0 5 10 19 29 11 
0 5 10 19 29 12 
0 5 10 19 29 13 
0 5 10 19 29 14 
0 5 10 19 29 15 
0 5 10 19 29 16 
0 5 10 19 30 11 
0 5 10 19 30 12 
0 5 10 19 30 13 
0 5 10 19 30 14 
0 5 10 19 30 15 
0 5 10 19 30 16 
0 5 10 20 29 11 
0 5 10 20 29 12 
0 5 10 20 29 13 
0 5 10 20 29 14 
0 5 10 20 29 15 
0 5 10 20 29 16 
0 5 10 20 30 11 
0 5 10 20 30 12 
0 5 10 20 30 13 
0 5 10 20 30 14 
0 5 10 20 30 15 
0 5 10 20 30 16 
0 5 10 23 29 11 
0 5 10 23 29 12 
0 5 10 23 29 13 
0 5 10 23 29 14 
0 5 10 23 29 15 
0 5 10 23 29 16 
0 5 10 23 30 11 
0 5 10 23 30 12 
0 5 10 23 30 13 
0 5 10 23 30 14 
0 5 10 23 30 15 
0 5 10 23 30 16 
0 5 11 4 40 17 
0 5 11 4 40 18 
0 5 11 4 40 19 
0 5 11 4 40 20 
0 5 11 4 40 21 
0 5 11 4 40 22 
0 5 11 4 40 23 
0 5 11 4 41 17 
0 5 11 4 41 18 
0 5 11 4 41 19 
0 5 11 4 41 20 
0 5 11 4 41 21 
0 5 11 4 41 22 
0 5 11 4 41 23 
0 5 11 4 42 17 
0 5 11 4 42 18 
0 5 11 4 42 19 
0 5 11 4 42 20 
0 5 11 4 42 21 
0 5 11 4 42 22 
0 5 11 4 42 23 
0 5 11 15 40 17 
0 5 11 15 40 18 
0 5 11 15 40 19 
0 5 11 15 40 20 
0 5 11 15 40 21 
0 5 11 15 40 22 
0 5 11 15 40 23 
0 5 11 15 41 17 
0 5 11 15 41 18 
0 5 11 15 41 19 
0 5 11 15 41 20 
0 5 11 15 41 21 
0 5 11 15 41 22 
0 5 11 15 41 23 
0 5 11 15 42 17 
0 5 11 15 42 18 
0 5 11 15 42 19 
0 5 11 15 42 20 
0 5 11 15 42 21 
0 5 11 15 42 22 
0 5 11 15 42 23 
0 5 11 17 40 18 
0 5 11 17 40 19 
0 5 11 17 40 20 
0 5 11 17 40 21 
0 5 11 17 40 22 
0 5 11 17 40 23 
0 5 11 17 41 18 
0 5 11 17 41 19 
0 5 11 17 41 20 
0 5 11 17 41 21 
0 5 11 17 41 22 
0 5 11 17 41 23 
0 5 11 17 42 18 
0 5 11 17 42 19 
0 5 11 17 42 20 
0 5 11 17 42 21 
0 5 11 17 42 22 
0 5 11 17 42 23 
0 5 11 19 40 17 
0 5 11 19 40 18 
0 5 11 19 40 20 
0 5 11 19 40 21 
0 5 11 19 40 22 
0 5 11 19 40 23 
0 5 11 19 41 17 
0 5 11 19 41 18 
0 5 11 19 41 20 
0 5 11 19 41 21 
0 5 11 19 41 22 
0 5 11 19 41 23 
0 5 11 19 42 17 
0 5 11 19 42 18 
0 5 11 19 42 20 
0 5 11 19 42 21 
0 5 11 19 42 22 
0 5 11 19 42 23 
0 5 11 20 40 17 
0 5 11 20 40 18 
0 5 11 20 40 19 
0 5 11 20 40 21 
0 5 11 20 40 22 
0 5 11 20 40 23 
0 5 11 20 41 17 
0 5 11 20 41 18 
0 5 11 20 41 19 
0 5 11 20 41 21 
0 5 11 20 41 22 
0 5 11 20 41 23 
0 5 11 20 42 17 
0 5 11 20 42 18 
0 5 11 20 42 19 
0 5 11 20 42 21 
0 5 11 20 42 22 
0 5 11 20 42 23 
0 5 11 23 40 17 
0 5 11 23 40 18 
0 5 11 23 40 19 
0 5 11 23 40 20 
0 5 11 23 40 21 
0 5 11 23 40 22 
0 5 11 23 41 17 
0 5 11 23 41 18 
0 5 11 23 41 19 
0 5 11 23 41 20 
0 5 11 23 41 21 
0 5 11 23 41 22 
0 5 11 23 42 17 
0 5 11 23 42 18 
0 5 11 23 42 19 
0 5 11 23 42 20 
0 5 11 23 42 21 
0 5 11 23 42 22 
0 5 12 4 30 10 
0 5 12 4 30 11 
0 5 12 4 30 13 
0 5 12 4 30 14 
0 5 12 4 30 15 
0 5 12 4 30 16 
0 5 12 4 45 10 
0 5 12 4 45 11 
0 5 12 4 45 13 
0 5 12 4 45 14 
0 5 12 4 45 15 
0 5 12 4 45 16 
0 5 12 4 46 10 
0 5 12 4 46 11 
0 5 12 4 46 13 
0 5 12 4 46 14 
0 5 12 4 46 15 
0 5 12 4 46 16 
0 5 12 4 48 10 
0 5 12 4 48 11 
0 5 12 4 48 13 
0 5 12 4 48 14 
0 5 12 4 48 15 
0 5 12 4 48 16 
0 5 12 15 30 10 
0 5 12 15 30 11 
0 5 12 15 30 13 
0 5 12 15 30 14 
0 5 12 15 30 16 
0 5 12 15 45 10 
0 5 12 15 45 11 
0 5 12 15 45 13 
0 5 12 15 45 14 
0 5 12 15 45 16 
0 5 12 15 46 10 
0 5 12 15 46 11 
0 5 12 15 46 13 
0 5 12 15 46 14 
0 5 12 15 46 16 
0 5 12 15 48 10 
0 5 12 15 48 11 
0 5 12 15 48 13 
0 5 12 15 48 14 
0 5 12 15 48 16 
0 5 12 17 30 10 
0 5 12 17 30 11 
0 5 12 17 30 13 
0 5 12 17 30 14 
0 5 12 17 30 15 
0 5 12 17 30 16 
0 5 12 17 45 10 
0 5 12 17 45 11 
0 5 12 17 45 13 
0 5 12 17 45 14 
0 5 12 17 45 15 
0 5 12 17 45 16 
0 5 12 17 46 10 
0 5 12 17 46 11 
0 5 12 17 46 13 
0 5 12 17 46 14 
0 5 12 17 46 15 
0 5 12 17 46 16 
0 5 12 17 48 10 
0 5 12 17 48 11 
0 5 12 17 48 13 
0 5 12 17 48 14 
0 5 12 17 48 15 
0 5 12 17 48 16 
0 5 12 19 30 10 
0 5 12 19 30 11 
0 5 12 19 30 13 
0 5 12 19 30 14 
0 5 12 19 30 15 
0 5 12 19 30 16 
0 5 12 19 45 10 
0 5 12 19 45 11 
0 5 12 19 45 13 
0 5 12 19 45 14 
0 5 12 19 45 15 
0 5 12 19 45 16 
0 5 12 19 46 10 
0 5 12 19 46 11 
0 5 12 19 46 13 
0 5 12 19 46 14 
0 5 12 19 46 15 
0 5 12 19 46 16 
0 5 12 19 48 10 
0 5 12 19 48 11 
0 5 12 19 48 13 
0 5 12 19 48 14 
0 5 12 19 48 15 
0 5 12 19 48 16 
0 5 12 20 30 10 
0 5 12 20 30 11 
0 5 12 20 30 13 
0 5 12 20 30 14 
0 5 12 20 30 15 
0 5 12 20 30 16 
0 5 12 20 45 10 
0 5 12 20 45 11 
0 5 12 20 45 13 
0 5 12 20 45 14 
0 5 12 20 45 15 
0 5 12 20 45 16 
0 5 12 20 46 10 
0 5 12 20 46 11 
0 5 12 20 46 13 
0 5 12 20 46 14 
0 5 12 20 46 15 
0 5 12 20 46 16 
0 5 12 20 48 10 
0 5 12 20 48 11 
0 5 12 20 48 13 
0 5 12 20 48 14 
0 5 12 20 48 15 
0 5 12 20 48 16 
0 5 12 23 30 10 
0 5 12 23 30 11 
0 5 12 23 30 13 
0 5 12 23 30 14 
0 5 12 23 30 15 
0 5 12 23 30 16 
0 5 12 23 45 10 
0 5 12 23 45 11 
0 5 12 23 45 13 
0 5 12 23 45 14 
0 5 12 23 45 15 
0 5 12 23 45 16 
0 5 12 23 46 10 
0 5 12 23 46 11 
0 5 12 23 46 13 
0 5 12 23 46 14 
0 5 12 23 46 15 
0 5 12 23 46 16 
0 5 12 23 48 10 
0 5 12 23 48 11 
0 5 12 23 48 13 
0 5 12 23 48 14 
0 5 12 23 48 15 
0 5 12 23 48 16 
0 5 13 4 31 10 
0 5 13 4 31 11 
0 5 13 4 31 12 
0 5 13 4 31 14 
0 5 13 4 31 15 
0 5 13 4 31 16 
0 5 13 4 41 10 
0 5 13 4 41 11 
0 5 13 4 41 12 
0 5 13 4 41 14 
0 5 13 4 41 15 
0 5 13 4 41 16 
0 5 13 4 44 10 
0 5 13 4 44 11 
0 5 13 4 44 12 
0 5 13 4 44 14 
0 5 13 4 44 15 
0 5 13 4 44 16 
0 5 13 15 31 10 
0 5 13 15 31 11 
0 5 13 15 31 12 
0 5 13 15 31 14 
0 5 13 15 31 16 
0 5 13 15 41 10 
0 5 13 15 41 11 
0 5 13 15 41 12 
0 5 13 15 41 14 
0 5 13 15 41 16 
0 5 13 15 44 10 
0 5 13 15 44 11 
0 5 13 15 44 12 
0 5 13 15 44 14 
0 5 13 15 44 16 
0 5 13 17 31 10 
0 5 13 17 31 11 
0 5 13 17 31 12 
0 5 13 17 31 14 
0 5 13 17 31 15 
0 5 13 17 31 16 
0 5 13 17 41 10 
0 5 13 17 41 11 
0 5 13 17 41 12 
0 5 13 17 41 14 
0 5 13 17 41 15 
0 5 13 17 41 16 
0 5 13 17 44 10 
0 5 13 17 44 11 
0 5 13 17 44 12 
0 5 13 17 44 14 
0 5 13 17 44 15 
0 5 13 17 44 16 
0 5 13 19 31 10 
0 5 13 19 31 11 
0 5 13 19 31 12 
0 5 13 19 31 14 
0 5 13 19 31 15 
0 5 13 19 31 16 
0 5 13 19 41 10 
0 5 13 19 41 11 
0 5 13 19 41 12 
0 5 13 19 41 14 
0 5 13 19 41 15 
0 5 13 19 41 16 
0 5 13 19 44 10 
0 5 13 19 44 11 
0 5 13 19 44 12 
0 5 13 19 44 14 
0 5 13 19 44 15 
0 5 13 19 44 16 
0 5 13 20 31 10 
0 5 13 20 31 11 
0 5 13 20 31 12 
0 5 13 20 31 14 
0 5 13 20 31 15 
0 5 13 20 31 16 
0 5 13 20 41 10 
0 5 13 20 41 11 
0 5 13 20 41 12 
0 5 13 20 41 14 
0 5 13 20 41 15 
0 5 13 20 41 16 
0 5 13 20 44 10 
0 5 13 20 44 11 
0 5 13 20 44 12 
0 5 13 20 44 14 
0 5 13 20 44 15 
0 5 13 20 44 16 
0 5 13 23 31 10 
0 5 13 23 31 11 
0 5 13 23 31 12 
0 5 13 23 31 14 
0 5 13 23 31 15 
0 5 13 23 31 16 
0 5 13 23 41 10 
0 5 13 23 41 11 
0 5 13 23 41 12 
0 5 13 23 41 14 
0 5 13 23 41 15 
0 5 13 23 41 16 
0 5 13 23 44 10 
0 5 13 23 44 11 
0 5 13 23 44 12 
0 5 13 23 44 14 
0 5 13 23 44 15 
0 5 13 23 44 16 
0 5 14 4 31 17 
0 5 14 4 31 18 
0 5 14 4 31 19 
0 5 14 4 31 20 
0 5 14 4 31 21 
0 5 14 4 31 22 
0 5 14 4 31 23 
0 5 14 4 41 17 
0 5 14 4 41 18 
0 5 14 4 41 19 
0 5 14 4 41 20 
0 5 14 4 41 21 
0 5 14 4 41 22 
0 5 14 4 41 23 
0 5 14 4 44 17 
0 5 14 4 44 18 
0 5 14 4 44 19 
0 5 14 4 44 20 
0 5 14 4 44 21 
0 5 14 4 44 22 
0 5 14 4 44 23 
0 5 14 15 31 17 
0 5 14 15 31 18 
0 5 14 15 31 19 
0 5 14 15 31 20 
0 5 14 15 31 21 
0 5 14 15 31 22 
0 5 14 15 31 23 
0 5 14 15 41 17 
0 5 14 15 41 18 
0 5 14 15 41 19 
0 5 14 15 41 20 
0 5 14 15 41 21 
0 5 14 15 41 22 
0 5 14 15 41 23 
0 5 14 15 44 17 
0 5 14 15 44 18 
0 5 14 15 44 19 
0 5 14 15 44 20 
0 5 14 15 44 21 
0 5 14 15 44 22 
0 5 14 15 44 23 
0 5 14 17 31 18 
0 5 14 17 31 19 
0 5 14 17 31 20 
0 5 14 17 31 21 
0 5 14 17 31 22 
0 5 14 17 31 23 
0 5 14 17 41 18 
0 5 14 17 41 19 
0 5 14 17 41 20 
0 5 14 17 41 21 
0 5 14 17 41 22 
0 5 14 17 41 23 
0 5 14 17 44 18 
0 5 14 17 44 19 
0 5 14 17 44 20 
0 5 14 17 44 21 
0 5 14 17 44 22 
0 5 14 17 44 23 
0 5 14 19 31 17 
0 5 14 19 31 18 
0 5 14 19 31 20 
0 5 14 19 31 21 
0 5 14 19 31 22 
0 5 14 19 31 23 
0 5 14 19 41 17 
0 5 14 19 41 18 
0 5 14 19 41 20 
0 5 14 19 41 21 
0 5 14 19 41 22 
0 5 14 19 41 23 
0 5 14 19 44 17 
0 5 14 19 44 18 
0 5 14 19 44 20 
0 5 14 19 44 21 
0 5 14 19 44 22 
0 5 14 19 44 23 
0 5 14 20 31 17 
0 5 14 20 31 18 
0 5 14 20 31 19 
0 5 14 20 31 21 
0 5 14 20 31 22 
0 5 14 20 31 23 
0 5 14 20 41 17 
0 5 14 20 41 18 
0 5 14 20 41 19 
0 5 14 20 41 21 
0 5 14 20 41 22 
0 5 14 20 41 23 
0 5 14 20 44 17 
0 5 14 20 44 18 
0 5 14 20 44 19 
0 5 14 20 44 21 
0 5 14 20 44 22 
0 5 14 20 44 23 
0 5 14 23 31 17 
0 5 14 23 31 18 
0 5 14 23 31 19 
0 5 14 23 31 20 
0 5 14 23 31 21 
0 5 14 23 31 22 
0 5 14 23 41 17 
0 5 14 23 41 18 
0 5 14 23 41 19 
0 5 14 23 41 20 
0 5 14 23 41 21 
0 5 14 23 41 22 
0 5 14 23 44 17 
0 5 14 23 44 18 
0 5 14 23 44 19 
0 5 14 23 44 20 
0 5 14 23 44 21 
0 5 14 23 44 22 
0 5 15 4 34 6 
0 5 15 4 34 7 
0 5 15 4 34 8 
0 5 15 4 34 9 
0 5 15 4 35 6 
0 5 15 4 35 7 
0 5 15 4 35 8 
0 5 15 4 35 9 
0 5 15 4 37 6 
0 5 15 4 37 7 
0 5 15 4 37 8 
0 5 15 4 37 9 
0 5 15 4 47 6 
0 5 15 4 47 7 
0 5 15 4 47 8 
0 5 15 4 47 9 
0 5 15 17 34 4 
0 5 15 17 34 6 
0 5 15 17 34 7 
0 5 15 17 34 8 
0 5 15 17 34 9 
0 5 15 17 35 4 
0 5 15 17 35 6 
0 5 15 17 35 7 
0 5 15 17 35 8 
0 5 15 17 35 9 
0 5 15 17 37 4 
0 5 15 17 37 6 
0 5 15 17 37 7 
0 5 15 17 37 8 
0 5 15 17 37 9 
0 5 15 17 47 4 
0 5 15 17 47 6 
0 5 15 17 47 7 
0 5 15 17 47 8 
0 5 15 17 47 9 
0 5 15 19 34 4 
0 5 15 19 34 6 
0 5 15 19 34 7 
0 5 15 19 34 8 
0 5 15 19 34 9 
0 5 15 19 35 4 
0 5 15 19 35 6 
0 5 15 19 35 7 
0 5 15 19 35 8 
0 5 15 19 35 9 
0 5 15 19 37 4 
0 5 15 19 37 6 
0 5 15 19 37 7 
0 5 15 19 37 8 
0 5 15 19 37 9 
0 5 15 19 47 4 
0 5 15 19 47 6 
0 5 15 19 47 7 
0 5 15 19 47 8 
0 5 15 19 47 9 
0 5 15 20 34 4 
0 5 15 20 34 6 
0 5 15 20 34 7 
0 5 15 20 34 8 
0 5 15 20 34 9 
0 5 15 20 35 4 
0 5 15 20 35 6 
0 5 15 20 35 7 
0 5 15 20 35 8 
0 5 15 20 35 9 
0 5 15 20 37 4 
0 5 15 20 37 6 
0 5 15 20 37 7 
0 5 15 20 37 8 
0 5 15 20 37 9 
0 5 15 20 47 4 
0 5 15 20 47 6 
0 5 15 20 47 7 
0 5 15 20 47 8 
0 5 15 20 47 9 
0 5 15 23 34 4 
0 5 15 23 34 6 
0 5 15 23 34 7 
0 5 15 23 34 8 
0 5 15 23 34 9 
0 5 15 23 35 4 
0 5 15 23 35 6 
0 5 15 23 35 7 
0 5 15 23 35 8 
0 5 15 23 35 9 
0 5 15 23 37 4 
0 5 15 23 37 6 
0 5 15 23 37 7 
0 5 15 23 37 8 
0 5 15 23 37 9 
0 5 15 23 47 4 
0 5 15 23 47 6 
0 5 15 23 47 7 
0 5 15 23 47 8 
0 5 15 23 47 9 
0 5 16 4 34 17 
0 5 16 4 34 18 
0 5 16 4 34 19 
0 5 16 4 34 20 
0 5 16 4 34 21 
0 5 16 4 34 22 
0 5 16 4 34 23 
0 5 16 4 35 17 
0 5 16 4 35 18 
0 5 16 4 35 19 
0 5 16 4 35 20 
0 5 16 4 35 21 
0 5 16 4 35 22 
0 5 16 4 35 23 
0 5 16 4 37 17 
0 5 16 4 37 18 
0 5 16 4 37 19 
0 5 16 4 37 20 
0 5 16 4 37 21 
0 5 16 4 37 22 
0 5 16 4 37 23 
0 5 16 4 47 17 
0 5 16 4 47 18 
0 5 16 4 47 19 
0 5 16 4 47 20 
0 5 16 4 47 21 
0 5 16 4 47 22 
0 5 16 4 47 23 
0 5 16 15 34 17 
0 5 16 15 34 18 
0 5 16 15 34 19 
0 5 16 15 34 20 
0 5 16 15 34 21 
0 5 16 15 34 22 
0 5 16 15 34 23 
0 5 16 15 35 17 
0 5 16 15 35 18 
0 5 16 15 35 19 
0 5 16 15 35 20 
0 5 16 15 35 21 
0 5 16 15 35 22 
0 5 16 15 35 23 
0 5 16 15 37 17 
0 5 16 15 37 18 
0 5 16 15 37 19 
0 5 16 15 37 20 
0 5 16 15 37 21 
0 5 16 15 37 22 
0 5 16 15 37 23 
0 5 16 15 47 17 
0 5 16 15 47 18 
0 5 16 15 47 19 
0 5 16 15 47 20 
0 5 16 15 47 21 
0 5 16 15 47 22 
0 5 16 15 47 23 
0 5 16 17 34 18 
0 5 16 17 34 19 
0 5 16 17 34 20 
0 5 16 17 34 21 
0 5 16 17 34 22 
0 5 16 17 34 23 
0 5 16 17 35 18 
0 5 16 17 35 19 
0 5 16 17 35 20 
0 5 16 17 35 21 
0 5 16 17 35 22 
0 5 16 17 35 23 
0 5 16 17 37 18 
0 5 16 17 37 19 
0 5 16 17 37 20 
0 5 16 17 37 21 
0 5 16 17 37 22 
0 5 16 17 37 23 
0 5 16 17 47 18 
0 5 16 17 47 19 
0 5 16 17 47 20 
0 5 16 17 47 21 
0 5 16 17 47 22 
0 5 16 17 47 23 
0 5 16 19 34 17 
0 5 16 19 34 18 
0 5 16 19 34 20 
0 5 16 19 34 21 
0 5 16 19 34 22 
0 5 16 19 34 23 
0 5 16 19 35 17 
0 5 16 19 35 18 
0 5 16 19 35 20 
0 5 16 19 35 21 
0 5 16 19 35 22 
0 5 16 19 35 23 
0 5 16 19 37 17 
0 5 16 19 37 18 
0 5 16 19 37 20 
0 5 16 19 37 21 
0 5 16 19 37 22 
0 5 16 19 37 23 
0 5 16 19 47 17 
0 5 16 19 47 18 
0 5 16 19 47 20 
0 5 16 19 47 21 
0 5 16 19 47 22 
0 5 16 19 47 23 
0 5 16 20 34 17 
0 5 16 20 34 18 
0 5 16 20 34 19 
0 5 16 20 34 21 
0 5 16 20 34 22 
0 5 16 20 34 23 
0 5 16 20 35 17 
0 5 16 20 35 18 
0 5 16 20 35 19 
0 5 16 20 35 21 
0 5 16 20 35 22 
0 5 16 20 35 23 
0 5 16 20 37 17 
0 5 16 20 37 18 
0 5 16 20 37 19 
0 5 16 20 37 21 
0 5 16 20 37 22 
0 5 16 20 37 23 
0 5 16 20 47 17 
0 5 16 20 47 18 
0 5 16 20 47 19 
0 5 16 20 47 21 
0 5 16 20 47 22 
0 5 16 20 47 23 
0 5 16 23 34 17 
0 5 16 23 34 18 
0 5 16 23 34 19 
0 5 16 23 34 20 
0 5 16 23 34 21 
0 5 16 23 34 22 
0 5 16 23 35 17 
0 5 16 23 35 18 
0 5 16 23 35 19 
0 5 16 23 35 20 
0 5 16 23 35 21 
0 5 16 23 35 22 
0 5 16 23 37 17 
0 5 16 23 37 18 
0 5 16 23 37 19 
0 5 16 23 37 20 
0 5 16 23 37 21 
0 5 16 23 37 22 
0 5 16 23 47 17 
0 5 16 23 47 18 
0 5 16 23 47 19 
0 5 16 23 47 20 
0 5 16 23 47 21 
0 5 16 23 47 22 
0 15 10 7 35 11 
0 15 10 7 35 12 
0 15 10 7 35 13 
0 15 10 7 35 14 
0 15 10 7 35 16 
0 15 10 7 36 11 
0 15 10 7 36 12 
0 15 10 7 36 13 
0 15 10 7 36 14 
0 15 10 7 36 16 
0 15 10 7 37 11 
0 15 10 7 37 12 
0 15 10 7 37 13 
0 15 10 7 37 14 
0 15 10 7 37 16 
0 15 10 8 35 11 
0 15 10 8 35 12 
0 15 10 8 35 13 
0 15 10 8 35 14 
0 15 10 8 35 16 
0 15 10 8 36 11 
0 15 10 8 36 12 
0 15 10 8 36 13 
0 15 10 8 36 14 
0 15 10 8 36 16 
0 15 10 8 37 11 
0 15 10 8 37 12 
0 15 10 8 37 13 
0 15 10 8 37 14 
0 15 10 8 37 16 
0 15 10 12 35 11 
0 15 10 12 35 13 
0 15 10 12 35 14 
0 15 10 12 35 16 
0 15 10 12 36 11 
0 15 10 12 36 13 
0 15 10 12 36 14 
0 15 10 12 36 16 
0 15 10 12 37 11 
0 15 10 12 37 13 
0 15 10 12 37 14 
0 15 10 12 37 16 
0 15 10 13 35 11 
0 15 10 13 35 12 
0 15 10 13 35 14 
0 15 10 13 35 16 
0 15 10 13 36 11 
0 15 10 13 36 12 
0 15 10 13 36 14 
0 15 10 13 36 16 
0 15 10 13 37 11 
0 15 10 13 37 12 
0 15 10 13 37 14 
0 15 10 13 37 16 
0 15 10 18 35 11 
0 15 10 18 35 12 
0 15 10 18 35 13 
0 15 10 18 35 14 
0 15 10 18 35 16 
0 15 10 18 36 11 
0 15 10 18 36 12 
0 15 10 18 36 13 
0 15 10 18 36 14 
0 15 10 18 36 16 
0 15 10 18 37 11 
0 15 10 18 37 12 
0 15 10 18 37 13 
0 15 10 18 37 14 
0 15 10 18 37 16 
0 15 11 7 39 17 
0 15 11 7 39 18 
0 15 11 7 39 19 
0 15 11 7 39 20 
0 15 11 7 39 21 
0 15 11 7 39 22 
0 15 11 7 39 23 
0 15 11 7 43 17 
0 15 11 7 43 18 
0 15 11 7 43 19 
0 15 11 7 43 20 
0 15 11 7 43 21 
0 15 11 7 43 22 
0 15 11 7 43 23 
0 15 11 8 39 17 
0 15 11 8 39 18 
0 15 11 8 39 19 
0 15 11 8 39 20 
0 15 11 8 39 21 
0 15 11 8 39 22 
0 15 11 8 39 23 
0 15 11 8 43 17 
0 15 11 8 43 18 
0 15 11 8 43 19 
0 15 11 8 43 20 
0 15 11 8 43 21 
0 15 11 8 43 22 
0 15 11 8 43 23 
0 15 11 10 39 17 
0 15 11 10 39 18 
0 15 11 10 39 19 
0 15 11 10 39 20 
0 15 11 10 39 21 
0 15 11 10 39 22 
0 15 11 10 39 23 
0 15 11 10 43 17 
0 15 11 10 43 18 
0 15 11 10 43 19 
0 15 11 10 43 20 
0 15 11 10 43 21 
0 15 11 10 43 22 
0 15 11 10 43 23 
0 15 11 12 39 17 
0 15 11 12 39 18 
0 15 11 12 39 19 
0 15 11 12 39 20 
0 15 11 12 39 21 
0 15 11 12 39 22 
0 15 11 12 39 23 
0 15 11 12 43 17 
0 15 11 12 43 18 
0 15 11 12 43 19 
0 15 11 12 43 20 
0 15 11 12 43 21 
0 15 11 12 43 22 
0 15 11 12 43 23 
0 15 11 13 39 17 
0 15 11 13 39 18 
0 15 11 13 39 19 
0 15 11 13 39 20 
0 15 11 13 39 21 
0 15 11 13 39 22 
0 15 11 13 39 23 
0 15 11 13 43 17 
0 15 11 13 43 18 
0 15 11 13 43 19 
0 15 11 13 43 20 
0 15 11 13 43 21 
0 15 11 13 43 22 
0 15 11 13 43 23 
0 15 11 18 39 17 
0 15 11 18 39 19 
0 15 11 18 39 20 
0 15 11 18 39 21 
0 15 11 18 39 22 
0 15 11 18 39 23 
0 15 11 18 43 17 
0 15 11 18 43 19 
0 15 11 18 43 20 
0 15 11 18 43 21 
0 15 11 18 43 22 
0 15 11 18 43 23 
0 15 12 7 43 10 
0 15 12 7 43 11 
0 15 12 7 43 13 
0 15 12 7 43 14 
0 15 12 7 43 16 
0 15 12 7 44 10 
0 15 12 7 44 11 
0 15 12 7 44 13 
0 15 12 7 44 14 
0 15 12 7 44 16 
0 15 12 8 43 10 
0 15 12 8 43 11 
0 15 12 8 43 13 
0 15 12 8 43 14 
0 15 12 8 43 16 
0 15 12 8 44 10 
0 15 12 8 44 11 
0 15 12 8 44 13 
0 15 12 8 44 14 
0 15 12 8 44 16 
0 15 12 10 43 11 
0 15 12 10 43 13 
0 15 12 10 43 14 
0 15 12 10 43 16 
0 15 12 10 44 11 
0 15 12 10 44 13 
0 15 12 10 44 14 
0 15 12 10 44 16 
0 15 12 13 43 10 
0 15 12 13 43 11 
0 15 12 13 43 14 
0 15 12 13 43 16 
0 15 12 13 44 10 
0 15 12 13 44 11 
0 15 12 13 44 14 
0 15 12 13 44 16 
0 15 12 18 43 10 
0 15 12 18 43 11 
0 15 12 18 43 13 
0 15 12 18 43 14 
0 15 12 18 43 16 
0 15 12 18 44 10 
0 15 12 18 44 11 
0 15 12 18 44 13 
0 15 12 18 44 14 
0 15 12 18 44 16 
0 15 13 7 33 10 
0 15 13 7 33 11 
0 15 13 7 33 12 
0 15 13 7 33 14 
0 15 13 7 33 16 
0 15 13 7 34 10 
0 15 13 7 34 11 
0 15 13 7 34 12 
0 15 13 7 34 14 
0 15 13 7 34 16 
0 15 13 7 47 10 
0 15 13 7 47 11 
0 15 13 7 47 12 
0 15 13 7 47 14 
0 15 13 7 47 16 
0 15 13 8 33 10 
0 15 13 8 33 11 
0 15 13 8 33 12 
0 15 13 8 33 14 
0 15 13 8 33 16 
0 15 13 8 34 10 
0 15 13 8 34 11 
0 15 13 8 34 12 
0 15 13 8 34 14 
0 15 13 8 34 16 
0 15 13 8 47 10 
0 15 13 8 47 11 
0 15 13 8 47 12 
0 15 13 8 47 14 
0 15 13 8 47 16 
0 15 13 10 33 11 
0 15 13 10 33 12 
0 15 13 10 33 14 
0 15 13 10 33 16 
0 15 13 10 34 11 
0 15 13 10 34 12 
0 15 13 10 34 14 
0 15 13 10 34 16 
0 15 13 10 47 11 
0 15 13 10 47 12 
0 15 13 10 47 14 
0 15 13 10 47 16 
0 15 13 12 33 10 
0 15 13 12 33 11 
0 15 13 12 33 14 
0 15 13 12 33 16 
0 15 13 12 34 10 
0 15 13 12 34 11 
0 15 13 12 34 14 
0 15 13 12 34 16 
0 15 13 12 47 10 
0 15 13 12 47 11 
0 15 13 12 47 14 
0 15 13 12 47 16 
0 15 13 18 33 10 
0 15 13 18 33 11 
0 15 13 18 33 12 
0 15 13 18 33 14 
0 15 13 18 33 16 
0 15 13 18 34 10 
0 15 13 18 34 11 
0 15 13 18 34 12 
0 15 13 18 34 14 
0 15 13 18 34 16 
0 15 13 18 47 10 
0 15 13 18 47 11 
0 15 13 18 47 12 
0 15 13 18 47 14 
0 15 13 18 47 16 
0 15 14 7 33 17 
0 15 14 7 33 18 
0 15 14 7 33 19 
0 15 14 7 33 20 
0 15 14 7 33 21 
0 15 14 7 33 22 
0 15 14 7 33 23 
0 15 14 7 34 17 
0 15 14 7 34 18 
0 15 14 7 34 19 
0 15 14 7 34 20 
0 15 14 7 34 21 
0 15 14 7 34 22 
0 15 14 7 34 23 
0 15 14 7 47 17 
0 15 14 7 47 18 
0 15 14 7 47 19 
0 15 14 7 47 20 
0 15 14 7 47 21 
0 15 14 7 47 22 
0 15 14 7 47 23 
0 15 14 8 33 17 
0 15 14 8 33 18 
0 15 14 8 33 19 
0 15 14 8 33 20 
0 15 14 8 33 21 
0 15 14 8 33 22 
0 15 14 8 33 23 
0 15 14 8 34 17 
0 15 14 8 34 18 
0 15 14 8 34 19 
0 15 14 8 34 20 
0 15 14 8 34 21 
0 15 14 8 34 22 
0 15 14 8 34 23 
0 15 14 8 47 17 
0 15 14 8 47 18 
0 15 14 8 47 19 
0 15 14 8 47 20 
0 15 14 8 47 21 
0 15 14 8 47 22 
0 15 14 8 47 23 
0 15 14 10 33 17 
0 15 14 10 33 18 
0 15 14 10 33 19 
0 15 14 10 33 20 
0 15 14 10 33 21 
0 15 14 10 33 22 
0 15 14 10 33 23 
0 15 14 10 34 17 
0 15 14 10 34 18 
0 15 14 10 34 19 
0 15 14 10 34 20 
0 15 14 10 34 21 
0 15 14 10 34 22 
0 15 14 10 34 23 
0 15 14 10 47 17 
0 15 14 10 47 18 
0 15 14 10 47 19 
0 15 14 10 47 20 
0 15 14 10 47 21 
0 15 14 10 47 22 
0 15 14 10 47 23 
0 15 14 12 33 17 
0 15 14 12 33 18 
0 15 14 12 33 19 
0 15 14 12 33 20 
0 15 14 12 33 21 
0 15 14 12 33 22 
0 15 14 12 33 23 
0 15 14 12 34 17 
0 15 14 12 34 18 
0 15 14 12 34 19 
0 15 14 12 34 20 
0 15 14 12 34 21 
0 15 14 12 34 22 
0 15 14 12 34 23 
0 15 14 12 47 17 
0 15 14 12 47 18 
0 15 14 12 47 19 
0 15 14 12 47 20 
0 15 14 12 47 21 
0 15 14 12 47 22 
0 15 14 12 47 23 
0 15 14 13 33 17 
0 15 14 13 33 18 
0 15 14 13 33 19 
0 15 14 13 33 20 
0 15 14 13 33 21 
0 15 14 13 33 22 
0 15 14 13 33 23 
0 15 14 13 34 17 
0 15 14 13 34 18 
0 15 14 13 34 19 
0 15 14 13 34 20 
0 15 14 13 34 21 
0 15 14 13 34 22 
0 15 14 13 34 23 
0 15 14 13 47 17 
0 15 14 13 47 18 
0 15 14 13 47 19 
0 15 14 13 47 20 
0 15 14 13 47 21 
0 15 14 13 47 22 
0 15 14 13 47 23 
0 15 14 18 33 17 
0 15 14 18 33 19 
0 15 14 18 33 20 
0 15 14 18 33 21 
0 15 14 18 33 22 
0 15 14 18 33 23 
0 15 14 18 34 17 
0 15 14 18 34 19 
0 15 14 18 34 20 
0 15 14 18 34 21 
0 15 14 18 34 22 
0 15 14 18 34 23 
0 15 14 18 47 17 
0 15 14 18 47 19 
0 15 14 18 47 20 
0 15 14 18 47 21 
0 15 14 18 47 22 
0 15 14 18 47 23 
0 15 16 7 37 17 
0 15 16 7 37 18 
0 15 16 7 37 19 
0 15 16 7 37 20 
0 15 16 7 37 21 
0 15 16 7 37 22 
0 15 16 7 37 23 
0 15 16 7 42 17 
0 15 16 7 42 18 
0 15 16 7 42 19 
0 15 16 7 42 20 
0 15 16 7 42 21 
0 15 16 7 42 22 
0 15 16 7 42 23 
0 15 16 7 48 17 
0 15 16 7 48 18 
0 15 16 7 48 19 
0 15 16 7 48 20 
0 15 16 7 48 21 
0 15 16 7 48 22 
0 15 16 7 48 23 
0 15 16 8 37 17 
0 15 16 8 37 18 
0 15 16 8 37 19 
0 15 16 8 37 20 
0 15 16 8 37 21 
0 15 16 8 37 22 
0 15 16 8 37 23 
0 15 16 8 42 17 
0 15 16 8 42 18 
0 15 16 8 42 19 
0 15 16 8 42 20 
0 15 16 8 42 21 
0 15 16 8 42 22 
0 15 16 8 42 23 
0 15 16 8 48 17 
0 15 16 8 48 18 
0 15 16 8 48 19 
0 15 16 8 48 20 
0 15 16 8 48 21 
0 15 16 8 48 22 
0 15 16 8 48 23 
0 15 16 10 37 17 
0 15 16 10 37 18 
0 15 16 10 37 19 
0 15 16 10 37 20 
0 15 16 10 37 21 
0 15 16 10 37 22 
0 15 16 10 37 23 
0 15 16 10 42 17 
0 15 16 10 42 18 
0 15 16 10 42 19 
0 15 16 10 42 20 
0 15 16 10 42 21 
0 15 16 10 42 22 
0 15 16 10 42 23 
0 15 16 10 48 17 
0 15 16 10 48 18 
0 15 16 10 48 19 
0 15 16 10 48 20 
0 15 16 10 48 21 
0 15 16 10 48 22 
0 15 16 10 48 23 
0 15 16 12 37 17 
0 15 16 12 37 18 
0 15 16 12 37 19 
0 15 16 12 37 20 
0 15 16 12 37 21 
0 15 16 12 37 22 
0 15 16 12 37 23 
0 15 16 12 42 17 
0 15 16 12 42 18 
0 15 16 12 42 19 
0 15 16 12 42 20 
0 15 16 12 42 21 
0 15 16 12 42 22 
0 15 16 12 42 23 
0 15 16 12 48 17 
0 15 16 12 48 18 
0 15 16 12 48 19 
0 15 16 12 48 20 
0 15 16 12 48 21 
0 15 16 12 48 22 
0 15 16 12 48 23 
0 15 16 13 37 17 
0 15 16 13 37 18 
0 15 16 13 37 19 
0 15 16 13 37 20 
0 15 16 13 37 21 
0 15 16 13 37 22 
0 15 16 13 37 23 
0 15 16 13 42 17 
0 15 16 13 42 18 
0 15 16 13 42 19 
0 15 16 13 42 20 
0 15 16 13 42 21 
0 15 16 13 42 22 
0 15 16 13 42 23 
0 15 16 13 48 17 
0 15 16 13 48 18 
0 15 16 13 48 19 
0 15 16 13 48 20 
0 15 16 13 48 21 
0 15 16 13 48 22 
0 15 16 13 48 23 
0 15 16 18 37 17 
0 15 16 18 37 19 
0 15 16 18 37 20 
0 15 16 18 37 21 
0 15 16 18 37 22 
0 15 16 18 37 23 
0 15 16 18 42 17 
0 15 16 18 42 19 
0 15 16 18 42 20 
0 15 16 18 42 21 
0 15 16 18 42 22 
0 15 16 18 42 23 
0 15 16 18 48 17 
0 15 16 18 48 19 
0 15 16 18 48 20 
0 15 16 18 48 21 
0 15 16 18 48 22 
0 15 16 18 48 23 
0 17 10 6 24 11 
0 17 10 6 24 12 
0 17 10 6 24 13 
0 17 10 6 24 14 
0 17 10 6 24 15 
0 17 10 6 24 16 
0 17 10 6 25 11 
0 17 10 6 25 12 
0 17 10 6 25 13 
0 17 10 6 25 14 
0 17 10 6 25 15 
0 17 10 6 25 16 
0 17 10 6 26 11 
0 17 10 6 26 12 
0 17 10 6 26 13 
0 17 10 6 26 14 
0 17 10 6 26 15 
0 17 10 6 26 16 
0 17 10 9 24 11 
0 17 10 9 24 12 
0 17 10 9 24 13 
0 17 10 9 24 14 
0 17 10 9 24 15 
0 17 10 9 24 16 
0 17 10 9 25 11 
0 17 10 9 25 12 
0 17 10 9 25 13 
0 17 10 9 25 14 
0 17 10 9 25 15 
0 17 10 9 25 16 
0 17 10 9 26 11 
0 17 10 9 26 12 
0 17 10 9 26 13 
0 17 10 9 26 14 
0 17 10 9 26 15 
0 17 10 9 26 16 
0 17 10 11 24 12 
0 17 10 11 24 13 
0 17 10 11 24 14 
0 17 10 11 24 15 
0 17 10 11 24 16 
0 17 10 11 25 12 
0 17 10 11 25 13 
0 17 10 11 25 14 
0 17 10 11 25 15 
0 17 10 11 25 16 
0 17 10 11 26 12 
0 17 10 11 26 13 
0 17 10 11 26 14 
0 17 10 11 26 15 
0 17 10 11 26 16 
0 17 10 14 24 11 
0 17 10 14 24 12 
0 17 10 14 24 13 
0 17 10 14 24 15 
0 17 10 14 24 16 
0 17 10 14 25 11 
0 17 10 14 25 12 
0 17 10 14 25 13 
0 17 10 14 25 15 
0 17 10 14 25 16 
0 17 10 14 26 11 
0 17 10 14 26 12 
0 17 10 14 26 13 
0 17 10 14 26 15 
0 17 10 14 26 16 
0 17 10 16 24 11 
0 17 10 16 24 12 
0 17 10 16 24 13 
0 17 10 16 24 14 
0 17 10 16 24 15 
0 17 10 16 25 11 
0 17 10 16 25 12 
0 17 10 16 25 13 
0 17 10 16 25 14 
0 17 10 16 25 15 
0 17 10 16 26 11 
0 17 10 16 26 12 
0 17 10 16 26 13 
0 17 10 16 26 14 
0 17 10 16 26 15 
0 17 10 21 24 11 
0 17 10 21 24 12 
0 17 10 21 24 13 
0 17 10 21 24 14 
0 17 10 21 24 15 
0 17 10 21 24 16 
0 17 10 21 25 11 
0 17 10 21 25 12 
0 17 10 21 25 13 
0 17 10 21 25 14 
0 17 10 21 25 15 
0 17 10 21 25 16 
0 17 10 21 26 11 
0 17 10 21 26 12 
0 17 10 21 26 13 
0 17 10 21 26 14 
0 17 10 21 26 15 
0 17 10 21 26 16 
0 17 10 22 24 11 
0 17 10 22 24 12 
0 17 10 22 24 13 
0 17 10 22 24 14 
0 17 10 22 24 15 
0 17 10 22 24 16 
0 17 10 22 25 11 
0 17 10 22 25 12 
0 17 10 22 25 13 
0 17 10 22 25 14 
0 17 10 22 25 15 
0 17 10 22 25 16 
0 17 10 22 26 11 
0 17 10 22 26 12 
0 17 10 22 26 13 
0 17 10 22 26 14 
0 17 10 22 26 15 
0 17 10 22 26 16 
0 17 11 6 25 18 
0 17 11 6 25 19 
0 17 11 6 25 20 
0 17 11 6 25 21 
0 17 11 6 25 22 
0 17 11 6 25 23 
0 17 11 6 28 18 
0 17 11 6 28 19 
0 17 11 6 28 20 
0 17 11 6 28 21 
0 17 11 6 28 22 
0 17 11 6 28 23 
0 17 11 6 33 18 
0 17 11 6 33 19 
0 17 11 6 33 20 
0 17 11 6 33 21 
0 17 11 6 33 22 
0 17 11 6 33 23 
0 17 11 6 36 18 
0 17 11 6 36 19 
0 17 11 6 36 20 
0 17 11 6 36 21 
0 17 11 6 36 22 
0 17 11 6 36 23 
0 17 11 9 25 18 
0 17 11 9 25 19 
0 17 11 9 25 20 
0 17 11 9 25 21 
0 17 11 9 25 22 
0 17 11 9 25 23 
0 17 11 9 28 18 
0 17 11 9 28 19 
0 17 11 9 28 20 
0 17 11 9 28 21 
0 17 11 9 28 22 
0 17 11 9 28 23 
0 17 11 9 33 18 
0 17 11 9 33 19 
0 17 11 9 33 20 
0 17 11 9 33 21 
0 17 11 9 33 22 
0 17 11 9 33 23 
0 17 11 9 36 18 
0 17 11 9 36 19 
0 17 11 9 36 20 
0 17 11 9 36 21 
0 17 11 9 36 22 
0 17 11 9 36 23 
0 17 11 14 25 18 
0 17 11 14 25 19 
0 17 11 14 25 20 
0 17 11 14 25 21 
0 17 11 14 25 22 
0 17 11 14 25 23 
0 17 11 14 28 18 
0 17 11 14 28 19 
0 17 11 14 28 20 
0 17 11 14 28 21 
0 17 11 14 28 22 
0 17 11 14 28 23 
0 17 11 14 33 18 
0 17 11 14 33 19 
0 17 11 14 33 20 
0 17 11 14 33 21 
0 17 11 14 33 22 
0 17 11 14 33 23 
0 17 11 14 36 18 
0 17 11 14 36 19 
0 17 11 14 36 20 
0 17 11 14 36 21 
0 17 11 14 36 22 
0 17 11 14 36 23 
0 17 11 16 25 18 
0 17 11 16 25 19 
0 17 11 16 25 20 
0 17 11 16 25 21 
0 17 11 16 25 22 
0 17 11 16 25 23 
0 17 11 16 28 18 
0 17 11 16 28 19 
0 17 11 16 28 20 
0 17 11 16 28 21 
0 17 11 16 28 22 
0 17 11 16 28 23 
0 17 11 16 33 18 
0 17 11 16 33 19 
0 17 11 16 33 20 
0 17 11 16 33 21 
0 17 11 16 33 22 
0 17 11 16 33 23 
0 17 11 16 36 18 
0 17 11 16 36 19 
0 17 11 16 36 20 
0 17 11 16 36 21 
0 17 11 16 36 22 
0 17 11 16 36 23 
0 17 11 21 25 18 
0 17 11 21 25 19 
0 17 11 21 25 20 
0 17 11 21 25 22 
0 17 11 21 25 23 
0 17 11 21 28 18 
0 17 11 21 28 19 
0 17 11 21 28 20 
0 17 11 21 28 22 
0 17 11 21 28 23 
0 17 11 21 33 18 
0 17 11 21 33 19 
0 17 11 21 33 20 
0 17 11 21 33 22 
0 17 11 21 33 23 
0 17 11 21 36 18 
0 17 11 21 36 19 
0 17 11 21 36 20 
0 17 11 21 36 22 
0 17 11 21 36 23 
0 17 11 22 25 18 
0 17 11 22 25 19 
0 17 11 22 25 20 
0 17 11 22 25 21 
0 17 11 22 25 23 
0 17 11 22 28 18 
0 17 11 22 28 19 
0 17 11 22 28 20 
0 17 11 22 28 21 
0 17 11 22 28 23 
0 17 11 22 33 18 
0 17 11 22 33 19 
0 17 11 22 33 20 
0 17 11 22 33 21 
0 17 11 22 33 23 
0 17 11 22 36 18 
0 17 11 22 36 19 
0 17 11 22 36 20 
0 17 11 22 36 21 
0 17 11 22 36 23 
0 17 12 6 26 10 
0 17 12 6 26 11 
0 17 12 6 26 13 
0 17 12 6 26 14 
0 17 12 6 26 15 
0 17 12 6 26 16 
0 17 12 6 27 10 
0 17 12 6 27 11 
0 17 12 6 27 13 
0 17 12 6 27 14 
0 17 12 6 27 15 
0 17 12 6 27 16 
0 17 12 6 29 10 
0 17 12 6 29 11 
0 17 12 6 29 13 
0 17 12 6 29 14 
0 17 12 6 29 15 
0 17 12 6 29 16 
0 17 12 6 32 10 
0 17 12 6 32 11 
0 17 12 6 32 13 
0 17 12 6 32 14 
0 17 12 6 32 15 
0 17 12 6 32 16 
0 17 12 9 26 10 
0 17 12 9 26 11 
0 17 12 9 26 13 
0 17 12 9 26 14 
0 17 12 9 26 15 
0 17 12 9 26 16 
0 17 12 9 27 10 
0 17 12 9 27 11 
0 17 12 9 27 13 
0 17 12 9 27 14 
0 17 12 9 27 15 
0 17 12 9 27 16 
0 17 12 9 29 10 
0 17 12 9 29 11 
0 17 12 9 29 13 
0 17 12 9 29 14 
0 17 12 9 29 15 
0 17 12 9 29 16 
0 17 12 9 32 10 
0 17 12 9 32 11 
0 17 12 9 32 13 
0 17 12 9 32 14 
0 17 12 9 32 15 
0 17 12 9 32 16 
0 17 12 11 26 10 
0 17 12 11 26 13 
0 17 12 11 26 14 
0 17 12 11 26 15 
0 17 12 11 26 16 
0 17 12 11 27 10 
0 17 12 11 27 13 
0 17 12 11 27 14 
0 17 12 11 27 15 
0 17 12 11 27 16 
0 17 12 11 29 10 
0 17 12 11 29 13 
0 17 12 11 29 14 
0 17 12 11 29 15 
0 17 12 11 29 16 
0 17 12 11 32 10 
0 17 12 11 32 13 
0 17 12 11 32 14 
0 17 12 11 32 15 
0 17 12 11 32 16 
0 17 12 14 26 10 
0 17 12 14 26 11 
0 17 12 14 26 13 
0 17 12 14 26 15 
0 17 12 14 26 16 
0 17 12 14 27 10 
0 17 12 14 27 11 
0 17 12 14 27 13 
0 17 12 14 27 15 
0 17 12 14 27 16 
0 17 12 14 29 10 
0 17 12 14 29 11 
0 17 12 14 29 13 
0 17 12 14 29 15 
0 17 12 14 29 16 
0 17 12 14 32 10 
0 17 12 14 32 11 
0 17 12 14 32 13 
0 17 12 14 32 15 
0 17 12 14 32 16 
0 17 12 16 26 10 
0 17 12 16 26 11 
0 17 12 16 26 13 
0 17 12 16 26 14 
0 17 12 16 26 15 
0 17 12 16 27 10 
0 17 12 16 27 11 
0 17 12 16 27 13 
0 17 12 16 27 14 
0 17 12 16 27 15 
0 17 12 16 29 10 
0 17 12 16 29 11 
0 17 12 16 29 13 
0 17 12 16 29 14 
0 17 12 16 29 15 
0 17 12 16 32 10 
0 17 12 16 32 11 
0 17 12 16 32 13 
0 17 12 16 32 14 
0 17 12 16 32 15 
0 17 12 21 26 10 
0 17 12 21 26 11 
0 17 12 21 26 13 
0 17 12 21 26 14 
0 17 12 21 26 15 
0 17 12 21 26 16 
0 17 12 21 27 10 
0 17 12 21 27 11 
0 17 12 21 27 13 
0 17 12 21 27 14 
0 17 12 21 27 15 
0 17 12 21 27 16 
0 17 12 21 29 10 
0 17 12 21 29 11 
0 17 12 21 29 13 
0 17 12 21 29 14 
0 17 12 21 29 15 
0 17 12 21 29 16 
0 17 12 21 32 10 
0 17 12 21 32 11 
0 17 12 21 32 13 
0 17 12 21 32 14 
0 17 12 21 32 15 
0 17 12 21 32 16 
0 17 12 22 26 10 
0 17 12 22 26 11 
0 17 12 22 26 13 
0 17 12 22 26 14 
0 17 12 22 26 15 
0 17 12 22 26 16 
0 17 12 22 27 10 
0 17 12 22 27 11 
0 17 12 22 27 13 
0 17 12 22 27 14 
0 17 12 22 27 15 
0 17 12 22 27 16 
0 17 12 22 29 10 
0 17 12 22 29 11 
0 17 12 22 29 13 
0 17 12 22 29 14 
0 17 12 22 29 15 
0 17 12 22 29 16 
0 17 12 22 32 10 
0 17 12 22 32 11 
0 17 12 22 32 13 
0 17 12 22 32 14 
0 17 12 22 32 15 
0 17 12 22 32 16 
0 17 13 6 24 10 
0 17 13 6 24 11 
0 17 13 6 24 12 
0 17 13 6 24 14 
0 17 13 6 24 15 
0 17 13 6 24 16 
0 17 13 6 35 10 
0 17 13 6 35 11 
0 17 13 6 35 12 
0 17 13 6 35 14 
0 17 13 6 35 15 
0 17 13 6 35 16 
0 17 13 9 24 10 
0 17 13 9 24 11 
0 17 13 9 24 12 
0 17 13 9 24 14 
0 17 13 9 24 15 
0 17 13 9 24 16 
0 17 13 9 35 10 
0 17 13 9 35 11 
0 17 13 9 35 12 
0 17 13 9 35 14 
0 17 13 9 35 15 
0 17 13 9 35 16 
0 17 13 11 24 10 
0 17 13 11 24 12 
0 17 13 11 24 14 
0 17 13 11 24 15 
0 17 13 11 24 16 
0 17 13 11 35 10 
0 17 13 11 35 12 
0 17 13 11 35 14 
0 17 13 11 35 15 
0 17 13 11 35 16 
0 17 13 14 24 10 
0 17 13 14 24 11 
0 17 13 14 24 12 
0 17 13 14 24 15 
0 17 13 14 24 16 
0 17 13 14 35 10 
0 17 13 14 35 11 
0 17 13 14 35 12 
0 17 13 14 35 15 
0 17 13 14 35 16 
0 17 13 16 24 10 
0 17 13 16 24 11 
0 17 13 16 24 12 
0 17 13 16 24 14 
0 17 13 16 24 15 
0 17 13 16 35 10 
0 17 13 16 35 11 
0 17 13 16 35 12 
0 17 13 16 35 14 
0 17 13 16 35 15 
0 17 13 21 24 10 
0 17 13 21 24 11 
0 17 13 21 24 12 
0 17 13 21 24 14 
0 17 13 21 24 15 
0 17 13 21 24 16 
0 17 13 21 35 10 
0 17 13 21 35 11 
0 17 13 21 35 12 
0 17 13 21 35 14 
0 17 13 21 35 15 
0 17 13 21 35 16 
0 17 13 22 24 10 
0 17 13 22 24 11 
0 17 13 22 24 12 
0 17 13 22 24 14 
0 17 13 22 24 15 
0 17 13 22 24 16 
0 17 13 22 35 10 
0 17 13 22 35 11 
0 17 13 22 35 12 
0 17 13 22 35 14 
0 17 13 22 35 15 
0 17 13 22 35 16 
0 17 14 6 24 18 
0 17 14 6 24 19 
0 17 14 6 24 20 
0 17 14 6 24 21 
0 17 14 6 24 22 
0 17 14 6 24 23 
0 17 14 6 35 18 
0 17 14 6 35 19 
0 17 14 6 35 20 
0 17 14 6 35 21 
0 17 14 6 35 22 
0 17 14 6 35 23 
0 17 14 9 24 18 
0 17 14 9 24 19 
0 17 14 9 24 20 
0 17 14 9 24 21 
0 17 14 9 24 22 
0 17 14 9 24 23 
0 17 14 9 35 18 
0 17 14 9 35 19 
0 17 14 9 35 20 
0 17 14 9 35 21 
0 17 14 9 35 22 
0 17 14 9 35 23 
0 17 14 11 24 18 
0 17 14 11 24 19 
0 17 14 11 24 20 
0 17 14 11 24 21 
0 17 14 11 24 22 
0 17 14 11 24 23 
0 17 14 11 35 18 
0 17 14 11 35 19 
0 17 14 11 35 20 
0 17 14 11 35 21 
0 17 14 11 35 22 
0 17 14 11 35 23 
0 17 14 16 24 18 
0 17 14 16 24 19 
0 17 14 16 24 20 
0 17 14 16 24 21 
0 17 14 16 24 22 
0 17 14 16 24 23 
0 17 14 16 35 18 
0 17 14 16 35 19 
0 17 14 16 35 20 
0 17 14 16 35 21 
0 17 14 16 35 22 
0 17 14 16 35 23 
0 17 14 21 24 18 
0 17 14 21 24 19 
0 17 14 21 24 20 
0 17 14 21 24 22 
0 17 14 21 24 23 
0 17 14 21 35 18 
0 17 14 21 35 19 
0 17 14 21 35 20 
0 17 14 21 35 22 
0 17 14 21 35 23 
0 17 14 22 24 18 
0 17 14 22 24 19 
0 17 14 22 24 20 
0 17 14 22 24 21 
0 17 14 22 24 23 
0 17 14 22 35 18 
0 17 14 22 35 19 
0 17 14 22 35 20 
0 17 14 22 35 21 
0 17 14 22 35 23 
0 17 15 6 31 4 
0 17 15 6 31 5 
0 17 15 6 31 7 
0 17 15 6 31 8 
0 17 15 6 31 9 
0 17 15 9 31 4 
0 17 15 9 31 5 
0 17 15 9 31 6 
0 17 15 9 31 7 
0 17 15 9 31 8 
0 17 15 11 31 4 
0 17 15 11 31 5 
0 17 15 11 31 6 
0 17 15 11 31 7 
0 17 15 11 31 8 
0 17 15 11 31 9 
0 17 15 14 31 4 
0 17 15 14 31 5 
0 17 15 14 31 6 
0 17 15 14 31 7 
0 17 15 14 31 8 
0 17 15 14 31 9 
0 17 15 16 31 4 
0 17 15 16 31 5 
0 17 15 16 31 6 
0 17 15 16 31 7 
0 17 15 16 31 8 
0 17 15 16 31 9 
0 17 15 21 31 4 
0 17 15 21 31 5 
0 17 15 21 31 6 
0 17 15 21 31 7 
0 17 15 21 31 8 
0 17 15 21 31 9 
0 17 15 22 31 4 
0 17 15 22 31 5 
0 17 15 22 31 6 
0 17 15 22 31 7 
0 17 15 22 31 8 
0 17 15 22 31 9 
0 17 16 6 31 18 
0 17 16 6 31 19 
0 17 16 6 31 20 
0 17 16 6 31 21 
0 17 16 6 31 22 
0 17 16 6 31 23 
0 17 16 9 31 18 
0 17 16 9 31 19 
0 17 16 9 31 20 
0 17 16 9 31 21 
0 17 16 9 31 22 
0 17 16 9 31 23 
0 17 16 11 31 18 
0 17 16 11 31 19 
0 17 16 11 31 20 
0 17 16 11 31 21 
0 17 16 11 31 22 
0 17 16 11 31 23 
0 17 16 14 31 18 
0 17 16 14 31 19 
0 17 16 14 31 20 
0 17 16 14 31 21 
0 17 16 14 31 22 
0 17 16 14 31 23 
0 17 16 21 31 18 
0 17 16 21 31 19 
0 17 16 21 31 20 
0 17 16 21 31 22 
0 17 16 21 31 23 
0 17 16 22 31 18 
0 17 16 22 31 19 
0 17 16 22 31 20 
0 17 16 22 31 21 
0 17 16 22 31 23 
0 19 10 6 24 11 
0 19 10 6 24 12 
0 19 10 6 24 13 
0 19 10 6 24 14 
0 19 10 6 24 15 
0 19 10 6 24 16 
0 19 10 6 27 11 
0 19 10 6 27 12 
0 19 10 6 27 13 
0 19 10 6 27 14 
0 19 10 6 27 15 
0 19 10 6 27 16 
0 19 10 6 28 11 
0 19 10 6 28 12 
0 19 10 6 28 13 
0 19 10 6 28 14 
0 19 10 6 28 15 
0 19 10 6 28 16 
0 19 10 9 24 11 
0 19 10 9 24 12 
0 19 10 9 24 13 
0 19 10 9 24 14 
0 19 10 9 24 15 
0 19 10 9 24 16 
0 19 10 9 27 11 
0 19 10 9 27 12 
0 19 10 9 27 13 
0 19 10 9 27 14 
0 19 10 9 27 15 
0 19 10 9 27 16 
0 19 10 9 28 11 
0 19 10 9 28 12 
0 19 10 9 28 13 
0 19 10 9 28 14 
0 19 10 9 28 15 
0 19 10 9 28 16 
0 19 10 11 24 12 
0 19 10 11 24 13 
0 19 10 11 24 14 
0 19 10 11 24 15 
0 19 10 11 24 16 
0 19 10 11 27 12 
0 19 10 11 27 13 
0 19 10 11 27 14 
0 19 10 11 27 15 
0 19 10 11 27 16 
0 19 10 11 28 12 
0 19 10 11 28 13 
0 19 10 11 28 14 
0 19 10 11 28 15 
0 19 10 11 28 16 
0 19 10 14 24 11 
0 19 10 14 24 12 
0 19 10 14 24 13 
0 19 10 14 24 15 
0 19 10 14 24 16 
0 19 10 14 27 11 
0 19 10 14 27 12 
0 19 10 14 27 13 
0 19 10 14 27 15 
0 19 10 14 27 16 
0 19 10 14 28 11 
0 19 10 14 28 12 
0 19 10 14 28 13 
0 19 10 14 28 15 
0 19 10 14 28 16 
0 19 10 16 24 11 
0 19 10 16 24 12 
0 19 10 16 24 13 
0 19 10 16 24 14 
0 19 10 16 24 15 
0 19 10 16 27 11 
0 19 10 16 27 12 
0 19 10 16 27 13 
0 19 10 16 27 14 
0 19 10 16 27 15 
0 19 10 16 28 11 
0 19 10 16 28 12 
0 19 10 16 28 13 
0 19 10 16 28 14 
0 19 10 16 28 15 
0 19 10 21 24 11 
0 19 10 21 24 12 
0 19 10 21 24 13 
0 19 10 21 24 14 
0 19 10 21 24 15 
0 19 10 21 24 16 
0 19 10 21 27 11 
0 19 10 21 27 12 
0 19 10 21 27 13 
0 19 10 21 27 14 
0 19 10 21 27 15 
0 19 10 21 27 16 
0 19 10 21 28 11 
0 19 10 21 28 12 
0 19 10 21 28 13 
0 19 10 21 28 14 
0 19 10 21 28 15 
0 19 10 21 28 16 
0 19 10 22 24 11 
0 19 10 22 24 12 
0 19 10 22 24 13 
0 19 10 22 24 14 
0 19 10 22 24 15 
0 19 10 22 24 16 
0 19 10 22 27 11 
0 19 10 22 27 12 
0 19 10 22 27 13 
0 19 10 22 27 14 
0 19 10 22 27 15 
0 19 10 22 27 16 
0 19 10 22 28 11 
0 19 10 22 28 12 
0 19 10 22 28 13 
0 19 10 22 28 14 
0 19 10 22 28 15 
0 19 10 22 28 16 
0 19 11 6 27 17 
0 19 11 6 27 18 
0 19 11 6 27 20 
0 19 11 6 27 21 
0 19 11 6 27 22 
0 19 11 6 27 23 
0 19 11 6 38 17 
0 19 11 6 38 18 
0 19 11 6 38 20 
0 19 11 6 38 21 
0 19 11 6 38 22 
0 19 11 6 38 23 
0 19 11 6 39 17 
0 19 11 6 39 18 
0 19 11 6 39 20 
0 19 11 6 39 21 
0 19 11 6 39 22 
0 19 11 6 39 23 
0 19 11 9 27 17 
0 19 11 9 27 18 
0 19 11 9 27 20 
0 19 11 9 27 21 
0 19 11 9 27 22 
0 19 11 9 27 23 
0 19 11 9 38 17 
0 19 11 9 38 18 
0 19 11 9 38 20 
0 19 11 9 38 21 
0 19 11 9 38 22 
0 19 11 9 38 23 
0 19 11 9 39 17 
0 19 11 9 39 18 
0 19 11 9 39 20 
0 19 11 9 39 21 
0 19 11 9 39 22 
0 19 11 9 39 23 
0 19 11 14 27 17 
0 19 11 14 27 18 
0 19 11 14 27 20 
0 19 11 14 27 21 
0 19 11 14 27 22 
0 19 11 14 27 23 
0 19 11 14 38 17 
0 19 11 14 38 18 
0 19 11 14 38 20 
0 19 11 14 38 21 
0 19 11 14 38 22 
0 19 11 14 38 23 
0 19 11 14 39 17 
0 19 11 14 39 18 
0 19 11 14 39 20 
0 19 11 14 39 21 
0 19 11 14 39 22 
0 19 11 14 39 23 
0 19 11 16 27 17 
0 19 11 16 27 18 
0 19 11 16 27 20 
0 19 11 16 27 21 
0 19 11 16 27 22 
0 19 11 16 27 23 
0 19 11 16 38 17 
0 19 11 16 38 18 
0 19 11 16 38 20 
0 19 11 16 38 21 
0 19 11 16 38 22 
0 19 11 16 38 23 
0 19 11 16 39 17 
0 19 11 16 39 18 
0 19 11 16 39 20 
0 19 11 16 39 21 
0 19 11 16 39 22 
0 19 11 16 39 23 
0 19 11 21 27 17 
0 19 11 21 27 18 
0 19 11 21 27 20 
0 19 11 21 27 22 
0 19 11 21 27 23 
0 19 11 21 38 17 
0 19 11 21 38 18 
0 19 11 21 38 20 
0 19 11 21 38 22 
0 19 11 21 38 23 
0 19 11 21 39 17 
0 19 11 21 39 18 
0 19 11 21 39 20 
0 19 11 21 39 22 
0 19 11 21 39 23 
0 19 11 22 27 17 
0 19 11 22 27 18 
0 19 11 22 27 20 
0 19 11 22 27 21 
0 19 11 22 27 23 
0 19 11 22 38 17 
0 19 11 22 38 18 
0 19 11 22 38 20 
0 19 11 22 38 21 
0 19 11 22 38 23 
0 19 11 22 39 17 
0 19 11 22 39 18 
0 19 11 22 39 20 
0 19 11 22 39 21 
0 19 11 22 39 23 
0 19 12 6 25 10 
0 19 12 6 25 11 
0 19 12 6 25 13 
0 19 12 6 25 14 
0 19 12 6 25 15 
0 19 12 6 25 16 
0 19 12 6 38 10 
0 19 12 6 38 11 
0 19 12 6 38 13 
0 19 12 6 38 14 
0 19 12 6 38 15 
0 19 12 6 38 16 
0 19 12 6 39 10 
0 19 12 6 39 11 
0 19 12 6 39 13 
0 19 12 6 39 14 
0 19 12 6 39 15 
0 19 12 6 39 16 
0 19 12 6 40 10 
0 19 12 6 40 11 
0 19 12 6 40 13 
0 19 12 6 40 14 
0 19 12 6 40 15 
0 19 12 6 40 16 
0 19 12 9 25 10 
0 19 12 9 25 11 
0 19 12 9 25 13 
0 19 12 9 25 14 
0 19 12 9 25 15 
0 19 12 9 25 16 
0 19 12 9 38 10 
0 19 12 9 38 11 
0 19 12 9 38 13 
0 19 12 9 38 14 
0 19 12 9 38 15 
0 19 12 9 38 16 
0 19 12 9 39 10 
0 19 12 9 39 11 
0 19 12 9 39 13 
0 19 12 9 39 14 
0 19 12 9 39 15 
0 19 12 9 39 16 
0 19 12 9 40 10 
0 19 12 9 40 11 
0 19 12 9 40 13 
0 19 12 9 40 14 
0 19 12 9 40 15 
0 19 12 9 40 16 
0 19 12 11 25 10 
0 19 12 11 25 13 
0 19 12 11 25 14 
0 19 12 11 25 15 
0 19 12 11 25 16 
0 19 12 11 38 10 
0 19 12 11 38 13 
0 19 12 11 38 14 
0 19 12 11 38 15 
0 19 12 11 38 16 
0 19 12 11 39 10 
0 19 12 11 39 13 
0 19 12 11 39 14 
0 19 12 11 39 15 
0 19 12 11 39 16 
0 19 12 11 40 10 
0 19 12 11 40 13 
0 19 12 11 40 14 
0 19 12 11 40 15 
0 19 12 11 40 16 
0 19 12 14 25 10 
0 19 12 14 25 11 
0 19 12 14 25 13 
0 19 12 14 25 15 
0 19 12 14 25 16 
0 19 12 14 38 10 
0 19 12 14 38 11 
0 19 12 14 38 13 
0 19 12 14 38 15 
0 19 12 14 38 16 
0 19 12 14 39 10 
0 19 12 14 39 11 
0 19 12 14 39 13 
0 19 12 14 39 15 
0 19 12 14 39 16 
0 19 12 14 40 10 
0 19 12 14 40 11 
0 19 12 14 40 13 
0 19 12 14 40 15 
0 19 12 14 40 16 
0 19 12 16 25 10 
0 19 12 16 25 11 
0 19 12 16 25 13 
0 19 12 16 25 14 
0 19 12 16 25 15 
0 19 12 16 38 10 
0 19 12 16 38 11 
0 19 12 16 38 13 
0 19 12 16 38 14 
0 19 12 16 38 15 
0 19 12 16 39 10 
0 19 12 16 39 11 
0 19 12 16 39 13 
0 19 12 16 39 14 
0 19 12 16 39 15 
0 19 12 16 40 10 
0 19 12 16 40 11 
0 19 12 16 40 13 
0 19 12 16 40 14 
0 19 12 16 40 15 
0 19 12 21 25 10 
0 19 12 21 25 11 
0 19 12 21 25 13 
0 19 12 21 25 14 
0 19 12 21 25 15 
0 19 12 21 25 16 
0 19 12 21 38 10 
0 19 12 21 38 11 
0 19 12 21 38 13 
0 19 12 21 38 14 
0 19 12 21 38 15 
0 19 12 21 38 16 
0 19 12 21 39 10 
0 19 12 21 39 11 
0 19 12 21 39 13 
0 19 12 21 39 14 
0 19 12 21 39 15 
0 19 12 21 39 16 
0 19 12 21 40 10 
0 19 12 21 40 11 
0 19 12 21 40 13 
0 19 12 21 40 14 
0 19 12 21 40 15 
0 19 12 21 40 16 
0 19 12 22 25 10 
0 19 12 22 25 11 
0 19 12 22 25 13 
0 19 12 22 25 14 
0 19 12 22 25 15 
0 19 12 22 25 16 
0 19 12 22 38 10 
0 19 12 22 38 11 
0 19 12 22 38 13 
0 19 12 22 38 14 
0 19 12 22 38 15 
0 19 12 22 38 16 
0 19 12 22 39 10 
0 19 12 22 39 11 
0 19 12 22 39 13 
0 19 12 22 39 14 
0 19 12 22 39 15 
0 19 12 22 39 16 
0 19 12 22 40 10 
0 19 12 22 40 11 
0 19 12 22 40 13 
0 19 12 22 40 14 
0 19 12 22 40 15 
0 19 12 22 40 16 
0 19 13 6 28 10 
0 19 13 6 28 11 
0 19 13 6 28 12 
0 19 13 6 28 14 
0 19 13 6 28 15 
0 19 13 6 28 16 
0 19 13 6 36 10 
0 19 13 6 36 11 
0 19 13 6 36 12 
0 19 13 6 36 14 
0 19 13 6 36 15 
0 19 13 6 36 16 
0 19 13 9 28 10 
0 19 13 9 28 11 
0 19 13 9 28 12 
0 19 13 9 28 14 
0 19 13 9 28 15 
0 19 13 9 28 16 
0 19 13 9 36 10 
0 19 13 9 36 11 
0 19 13 9 36 12 
0 19 13 9 36 14 
0 19 13 9 36 15 
0 19 13 9 36 16 
0 19 13 11 28 10 
0 19 13 11 28 12 
0 19 13 11 28 14 
0 19 13 11 28 15 
0 19 13 11 28 16 
0 19 13 11 36 10 
0 19 13 11 36 12 
0 19 13 11 36 14 
0 19 13 11 36 15 
0 19 13 11 36 16 
0 19 13 14 28 10 
0 19 13 14 28 11 
0 19 13 14 28 12 
0 19 13 14 28 15 
0 19 13 14 28 16 
0 19 13 14 36 10 
0 19 13 14 36 11 
0 19 13 14 36 12 
0 19 13 14 36 15 
0 19 13 14 36 16 
0 19 13 16 28 10 
0 19 13 16 28 11 
0 19 13 16 28 12 
0 19 13 16 28 14 
0 19 13 16 28 15 
0 19 13 16 36 10 
0 19 13 16 36 11 
0 19 13 16 36 12 
0 19 13 16 36 14 
0 19 13 16 36 15 
0 19 13 21 28 10 
0 19 13 21 28 11 
0 19 13 21 28 12 
0 19 13 21 28 14 
0 19 13 21 28 15 
0 19 13 21 28 16 
0 19 13 21 36 10 
0 19 13 21 36 11 
0 19 13 21 36 12 
0 19 13 21 36 14 
0 19 13 21 36 15 
0 19 13 21 36 16 
0 19 13 22 28 10 
0 19 13 22 28 11 
0 19 13 22 28 12 
0 19 13 22 28 14 
0 19 13 22 28 15 
0 19 13 22 28 16 
0 19 13 22 36 10 
0 19 13 22 36 11 
0 19 13 22 36 12 
0 19 13 22 36 14 
0 19 13 22 36 15 
0 19 13 22 36 16 
0 19 14 6 28 17 
0 19 14 6 28 18 
0 19 14 6 28 20 
0 19 14 6 28 21 
0 19 14 6 28 22 
0 19 14 6 28 23 
0 19 14 6 36 17 
0 19 14 6 36 18 
0 19 14 6 36 20 
0 19 14 6 36 21 
0 19 14 6 36 22 
0 19 14 6 36 23 
0 19 14 9 28 17 
0 19 14 9 28 18 
0 19 14 9 28 20 
0 19 14 9 28 21 
0 19 14 9 28 22 
0 19 14 9 28 23 
0 19 14 9 36 17 
0 19 14 9 36 18 
0 19 14 9 36 20 
0 19 14 9 36 21 
0 19 14 9 36 22 
0 19 14 9 36 23 
0 19 14 11 28 17 
0 19 14 11 28 18 
0 19 14 11 28 20 
0 19 14 11 28 21 
0 19 14 11 28 22 
0 19 14 11 28 23 
0 19 14 11 36 17 
0 19 14 11 36 18 
0 19 14 11 36 20 
0 19 14 11 36 21 
0 19 14 11 36 22 
0 19 14 11 36 23 
0 19 14 16 28 17 
0 19 14 16 28 18 
0 19 14 16 28 20 
0 19 14 16 28 21 
0 19 14 16 28 22 
0 19 14 16 28 23 
0 19 14 16 36 17 
0 19 14 16 36 18 
0 19 14 16 36 20 
0 19 14 16 36 21 
0 19 14 16 36 22 
0 19 14 16 36 23 
0 19 14 21 28 17 
0 19 14 21 28 18 
0 19 14 21 28 20 
0 19 14 21 28 22 
0 19 14 21 28 23 
0 19 14 21 36 17 
0 19 14 21 36 18 
0 19 14 21 36 20 
0 19 14 21 36 22 
0 19 14 21 36 23 
0 19 14 22 28 17 
0 19 14 22 28 18 
0 19 14 22 28 20 
0 19 14 22 28 21 
0 19 14 22 28 23 
0 19 14 22 36 17 
0 19 14 22 36 18 
0 19 14 22 36 20 
0 19 14 22 36 21 
0 19 14 22 36 23 
0 19 15 6 33 4 
0 19 15 6 33 5 
0 19 15 6 33 7 
0 19 15 6 33 8 
0 19 15 6 33 9 
0 19 15 6 42 4 
0 19 15 6 42 5 
0 19 15 6 42 7 
0 19 15 6 42 8 
0 19 15 6 42 9 
0 19 15 6 43 4 
0 19 15 6 43 5 
0 19 15 6 43 7 
0 19 15 6 43 8 
0 19 15 6 43 9 
0 19 15 9 33 4 
0 19 15 9 33 5 
0 19 15 9 33 6 
0 19 15 9 33 7 
0 19 15 9 33 8 
0 19 15 9 42 4 
0 19 15 9 42 5 
0 19 15 9 42 6 
0 19 15 9 42 7 
0 19 15 9 42 8 
0 19 15 9 43 4 
0 19 15 9 43 5 
0 19 15 9 43 6 
0 19 15 9 43 7 
0 19 15 9 43 8 
0 19 15 11 33 4 
0 19 15 11 33 5 
0 19 15 11 33 6 
0 19 15 11 33 7 
0 19 15 11 33 8 
0 19 15 11 33 9 
0 19 15 11 42 4 
0 19 15 11 42 5 
0 19 15 11 42 6 
0 19 15 11 42 7 
0 19 15 11 42 8 
0 19 15 11 42 9 
0 19 15 11 43 4 
0 19 15 11 43 5 
0 19 15 11 43 6 
0 19 15 11 43 7 
0 19 15 11 43 8 
0 19 15 11 43 9 
0 19 15 14 33 4 
0 19 15 14 33 5 
0 19 15 14 33 6 
0 19 15 14 33 7 
0 19 15 14 33 8 
0 19 15 14 33 9 
0 19 15 14 42 4 
0 19 15 14 42 5 
0 19 15 14 42 6 
0 19 15 14 42 7 
0 19 15 14 42 8 
0 19 15 14 42 9 
0 19 15 14 43 4 
0 19 15 14 43 5 
0 19 15 14 43 6 
0 19 15 14 43 7 
0 19 15 14 43 8 
0 19 15 14 43 9 
0 19 15 16 33 4 
0 19 15 16 33 5 
0 19 15 16 33 6 
0 19 15 16 33 7 
0 19 15 16 33 8 
0 19 15 16 33 9 
0 19 15 16 42 4 
0 19 15 16 42 5 
0 19 15 16 42 6 
0 19 15 16 42 7 
0 19 15 16 42 8 
0 19 15 16 42 9 
0 19 15 16 43 4 
0 19 15 16 43 5 
0 19 15 16 43 6 
0 19 15 16 43 7 
0 19 15 16 43 8 
0 19 15 16 43 9 
0 19 15 21 33 4 
0 19 15 21 33 5 
0 19 15 21 33 6 
0 19 15 21 33 7 
0 19 15 21 33 8 
0 19 15 21 33 9 
0 19 15 21 42 4 
0 19 15 21 42 5 
0 19 15 21 42 6 
0 19 15 21 42 7 
0 19 15 21 42 8 
0 19 15 21 42 9 
0 19 15 21 43 4 
0 19 15 21 43 5 
0 19 15 21 43 6 
0 19 15 21 43 7 
0 19 15 21 43 8 
0 19 15 21 43 9 
0 19 15 22 33 4 
0 19 15 22 33 5 
0 19 15 22 33 6 
0 19 15 22 33 7 
0 19 15 22 33 8 
0 19 15 22 33 9 
0 19 15 22 42 4 
0 19 15 22 42 5 
0 19 15 22 42 6 
0 19 15 22 42 7 
0 19 15 22 42 8 
0 19 15 22 42 9 
0 19 15 22 43 4 
0 19 15 22 43 5 
0 19 15 22 43 6 
0 19 15 22 43 7 
0 19 15 22 43 8 
0 19 15 22 43 9 
0 19 16 6 33 17 
0 19 16 6 33 18 
0 19 16 6 33 20 
0 19 16 6 33 21 
0 19 16 6 33 22 
0 19 16 6 33 23 
0 19 16 6 42 17 
0 19 16 6 42 18 
0 19 16 6 42 20 
0 19 16 6 42 21 
0 19 16 6 42 22 
0 19 16 6 42 23 
0 19 16 6 43 17 
0 19 16 6 43 18 
0 19 16 6 43 20 
0 19 16 6 43 21 
0 19 16 6 43 22 
0 19 16 6 43 23 
0 19 16 9 33 17 
0 19 16 9 33 18 
0 19 16 9 33 20 
0 19 16 9 33 21 
0 19 16 9 33 22 
0 19 16 9 33 23 
0 19 16 9 42 17 
0 19 16 9 42 18 
0 19 16 9 42 20 
0 19 16 9 42 21 
0 19 16 9 42 22 
0 19 16 9 42 23 
0 19 16 9 43 17 
0 19 16 9 43 18 
0 19 16 9 43 20 
0 19 16 9 43 21 
0 19 16 9 43 22 
0 19 16 9 43 23 
0 19 16 11 33 17 
0 19 16 11 33 18 
0 19 16 11 33 20 
0 19 16 11 33 21 
0 19 16 11 33 22 
0 19 16 11 33 23 
0 19 16 11 42 17 
0 19 16 11 42 18 
0 19 16 11 42 20 
0 19 16 11 42 21 
0 19 16 11 42 22 
0 19 16 11 42 23 
0 19 16 11 43 17 
0 19 16 11 43 18 
0 19 16 11 43 20 
0 19 16 11 43 21 
0 19 16 11 43 22 
0 19 16 11 43 23 
0 19 16 14 33 17 
0 19 16 14 33 18 
0 19 16 14 33 20 
0 19 16 14 33 21 
0 19 16 14 33 22 
0 19 16 14 33 23 
0 19 16 14 42 17 
0 19 16 14 42 18 
0 19 16 14 42 20 
0 19 16 14 42 21 
0 19 16 14 42 22 
0 19 16 14 42 23 
0 19 16 14 43 17 
0 19 16 14 43 18 
0 19 16 14 43 20 
0 19 16 14 43 21 
0 19 16 14 43 22 
0 19 16 14 43 23 
0 19 16 21 33 17 
0 19 16 21 33 18 
0 19 16 21 33 20 
0 19 16 21 33 22 
0 19 16 21 33 23 
0 19 16 21 42 17 
0 19 16 21 42 18 
0 19 16 21 42 20 
0 19 16 21 42 22 
0 19 16 21 42 23 
0 19 16 21 43 17 
0 19 16 21 43 18 
0 19 16 21 43 20 
0 19 16 21 43 22 
0 19 16 21 43 23 
0 19 16 22 33 17 
0 19 16 22 33 18 
0 19 16 22 33 20 
0 19 16 22 33 21 
0 19 16 22 33 23 
0 19 16 22 42 17 
0 19 16 22 42 18 
0 19 16 22 42 20 
0 19 16 22 42 21 
0 19 16 22 42 23 
0 19 16 22 43 17 
0 19 16 22 43 18 
0 19 16 22 43 20 
0 19 16 22 43 21 
0 19 16 22 43 23 
0 20 10 6 29 11 
0 20 10 6 29 12 
0 20 10 6 29 13 
0 20 10 6 29 14 
0 20 10 6 29 15 
0 20 10 6 29 16 
0 20 10 6 30 11 
0 20 10 6 30 12 
0 20 10 6 30 13 
0 20 10 6 30 14 
0 20 10 6 30 15 
0 20 10 6 30 16 
0 20 10 9 29 11 
0 20 10 9 29 12 
0 20 10 9 29 13 
0 20 10 9 29 14 
0 20 10 9 29 15 
0 20 10 9 29 16 
0 20 10 9 30 11 
0 20 10 9 30 12 
0 20 10 9 30 13 
0 20 10 9 30 14 
0 20 10 9 30 15 
0 20 10 9 30 16 
0 20 10 11 29 12 
0 20 10 11 29 13 
0 20 10 11 29 14 
0 20 10 11 29 15 
0 20 10 11 29 16 
0 20 10 11 30 12 
0 20 10 11 30 13 
0 20 10 11 30 14 
0 20 10 11 30 15 
0 20 10 11 30 16 
0 20 10 14 29 11 
0 20 10 14 29 12 
0 20 10 14 29 13 
0 20 10 14 29 15 
0 20 10 14 29 16 
0 20 10 14 30 11 
0 20 10 14 30 12 
0 20 10 14 30 13 
0 20 10 14 30 15 
0 20 10 14 30 16 
0 20 10 16 29 11 
0 20 10 16 29 12 
0 20 10 16 29 13 
0 20 10 16 29 14 
0 20 10 16 29 15 
0 20 10 16 30 11 
0 20 10 16 30 12 
0 20 10 16 30 13 
0 20 10 16 30 14 
0 20 10 16 30 15 
0 20 10 21 29 11 
0 20 10 21 29 12 
0 20 10 21 29 13 
0 20 10 21 29 14 
0 20 10 21 29 15 
0 20 10 21 29 16 
0 20 10 21 30 11 
0 20 10 21 30 12 
0 20 10 21 30 13 
0 20 10 21 30 14 
0 20 10 21 30 15 
0 20 10 21 30 16 
0 20 10 22 29 11 
0 20 10 22 29 12 
0 20 10 22 29 13 
0 20 10 22 29 14 
0 20 10 22 29 15 
0 20 10 22 29 16 
0 20 10 22 30 11 
0 20 10 22 30 12 
0 20 10 22 30 13 
0 20 10 22 30 14 
0 20 10 22 30 15 
0 20 10 22 30 16 
0 20 11 6 40 17 
0 20 11 6 40 18 
0 20 11 6 40 19 
0 20 11 6 40 21 
0 20 11 6 40 22 
0 20 11 6 40 23 
0 20 11 6 41 17 
0 20 11 6 41 18 
0 20 11 6 41 19 
0 20 11 6 41 21 
0 20 11 6 41 22 
0 20 11 6 41 23 
0 20 11 6 42 17 
0 20 11 6 42 18 
0 20 11 6 42 19 
0 20 11 6 42 21 
0 20 11 6 42 22 
0 20 11 6 42 23 
0 20 11 9 40 17 
0 20 11 9 40 18 
0 20 11 9 40 19 
0 20 11 9 40 21 
0 20 11 9 40 22 
0 20 11 9 40 23 
0 20 11 9 41 17 
0 20 11 9 41 18 
0 20 11 9 41 19 
0 20 11 9 41 21 
0 20 11 9 41 22 
0 20 11 9 41 23 
0 20 11 9 42 17 
0 20 11 9 42 18 
0 20 11 9 42 19 
0 20 11 9 42 21 
0 20 11 9 42 22 
0 20 11 9 42 23 
0 20 11 14 40 17 
0 20 11 14 40 18 
0 20 11 14 40 19 
0 20 11 14 40 21 
0 20 11 14 40 22 
0 20 11 14 40 23 
0 20 11 14 41 17 
0 20 11 14 41 18 
0 20 11 14 41 19 
0 20 11 14 41 21 
0 20 11 14 41 22 
0 20 11 14 41 23 
0 20 11 14 42 17 
0 20 11 14 42 18 
0 20 11 14 42 19 
0 20 11 14 42 21 
0 20 11 14 42 22 
0 20 11 14 42 23 
0 20 11 16 40 17 
0 20 11 16 40 18 
0 20 11 16 40 19 
0 20 11 16 40 21 
0 20 11 16 40 22 
0 20 11 16 40 23 
0 20 11 16 41 17 
0 20 11 16 41 18 
0 20 11 16 41 19 
0 20 11 16 41 21 
0 20 11 16 41 22 
0 20 11 16 41 23 
0 20 11 16 42 17 
0 20 11 16 42 18 
0 20 11 16 42 19 
0 20 11 16 42 21 
0 20 11 16 42 22 
0 20 11 16 42 23 
0 20 11 21 40 17 
0 20 11 21 40 18 
0 20 11 21 40 19 
0 20 11 21 40 22 
0 20 11 21 40 23 
0 20 11 21 41 17 
0 20 11 21 41 18 
0 20 11 21 41 19 
0 20 11 21 41 22 
0 20 11 21 41 23 
0 20 11 21 42 17 
0 20 11 21 42 18 
0 20 11 21 42 19 
0 20 11 21 42 22 
0 20 11 21 42 23 
0 20 11 22 40 17 
0 20 11 22 40 18 
0 20 11 22 40 19 
0 20 11 22 40 21 
0 20 11 22 40 23 
0 20 11 22 41 17 
0 20 11 22 41 18 
0 20 11 22 41 19 
0 20 11 22 41 21 
0 20 11 22 41 23 
0 20 11 22 42 17 
0 20 11 22 42 18 
0 20 11 22 42 19 
0 20 11 22 42 21 
0 20 11 22 42 23 
0 20 12 6 30 10 
0 20 12 6 30 11 
0 20 12 6 30 13 
0 20 12 6 30 14 
0 20 12 6 30 15 
0 20 12 6 30 16 
0 20 12 6 45 10 
0 20 12 6 45 11 
0 20 12 6 45 13 
0 20 12 6 45 14 
0 20 12 6 45 15 
0 20 12 6 45 16 
0 20 12 6 46 10 
0 20 12 6 46 11 
0 20 12 6 46 13 
0 20 12 6 46 14 
0 20 12 6 46 15 
0 20 12 6 46 16 
0 20 12 6 48 10 
0 20 12 6 48 11 
0 20 12 6 48 13 
0 20 12 6 48 14 
0 20 12 6 48 15 
0 20 12 6 48 16 
0 20 12 9 30 10 
0 20 12 9 30 11 
0 20 12 9 30 13 
0 20 12 9 30 14 
0 20 12 9 30 15 
0 20 12 9 30 16 
0 20 12 9 45 10 
0 20 12 9 45 11 
0 20 12 9 45 13 
0 20 12 9 45 14 
0 20 12 9 45 15 
0 20 12 9 45 16 
0 20 12 9 46 10 
0 20 12 9 46 11 
0 20 12 9 46 13 
0 20 12 9 46 14 
0 20 12 9 46 15 
0 20 12 9 46 16 
0 20 12 9 48 10 
0 20 12 9 48 11 
0 20 12 9 48 13 
0 20 12 9 48 14 
0 20 12 9 48 15 
0 20 12 9 48 16 
0 20 12 11 30 10 
0 20 12 11 30 13 
0 20 12 11 30 14 
0 20 12 11 30 15 
0 20 12 11 30 16 
0 20 12 11 45 10 
0 20 12 11 45 13 
0 20 12 11 45 14 
0 20 12 11 45 15 
0 20 12 11 45 16 
0 20 12 11 46 10 
0 20 12 11 46 13 
0 20 12 11 46 14 
0 20 12 11 46 15 
0 20 12 11 46 16 
0 20 12 11 48 10 
0 20 12 11 48 13 
0 20 12 11 48 14 
0 20 12 11 48 15 
0 20 12 11 48 16 
0 20 12 14 30 10 
0 20 12 14 30 11 
0 20 12 14 30 13 
0 20 12 14 30 15 
0 20 12 14 30 16 
0 20 12 14 45 10 
0 20 12 14 45 11 
0 20 12 14 45 13 
0 20 12 14 45 15 
0 20 12 14 45 16 
0 20 12 14 46 10 
0 20 12 14 46 11 
0 20 12 14 46 13 
0 20 12 14 46 15 
0 20 12 14 46 16 
0 20 12 14 48 10 
0 20 12 14 48 11 
0 20 12 14 48 13 
0 20 12 14 48 15 
0 20 12 14 48 16 
0 20 12 16 30 10 
0 20 12 16 30 11 
0 20 12 16 30 13 
0 20 12 16 30 14 
0 20 12 16 30 15 
0 20 12 16 45 10 
0 20 12 16 45 11 
0 20 12 16 45 13 
0 20 12 16 45 14 
0 20 12 16 45 15 
0 20 12 16 46 10 
0 20 12 16 46 11 
0 20 12 16 46 13 
0 20 12 16 46 14 
0 20 12 16 46 15 
0 20 12 16 48 10 
0 20 12 16 48 11 
0 20 12 16 48 13 
0 20 12 16 48 14 
0 20 12 16 48 15 
0 20 12 21 30 10 
0 20 12 21 30 11 
0 20 12 21 30 13 
0 20 12 21 30 14 
0 20 12 21 30 15 
0 20 12 21 30 16 
0 20 12 21 45 10 
0 20 12 21 45 11 
0 20 12 21 45 13 
0 20 12 21 45 14 
0 20 12 21 45 15 
0 20 12 21 45 16 
0 20 12 21 46 10 
0 20 12 21 46 11 
0 20 12 21 46 13 
0 20 12 21 46 14 
0 20 12 21 46 15 
0 20 12 21 46 16 
0 20 12 21 48 10 
0 20 12 21 48 11 
0 20 12 21 48 13 
0 20 12 21 48 14 
0 20 12 21 48 15 
0 20 12 21 48 16 
0 20 12 22 30 10 
0 20 12 22 30 11 
0 20 12 22 30 13 
0 20 12 22 30 14 
0 20 12 22 30 15 
0 20 12 22 30 16 
0 20 12 22 45 10 
0 20 12 22 45 11 
0 20 12 22 45 13 
0 20 12 22 45 14 
0 20 12 22 45 15 
0 20 12 22 45 16 
0 20 12 22 46 10 
0 20 12 22 46 11 
0 20 12 22 46 13 
0 20 12 22 46 14 
0 20 12 22 46 15 
0 20 12 22 46 16 
0 20 12 22 48 10 
0 20 12 22 48 11 
0 20 12 22 48 13 
0 20 12 22 48 14 
0 20 12 22 48 15 
0 20 12 22 48 16 
0 20 13 6 31 10 
0 20 13 6 31 11 
0 20 13 6 31 12 
0 20 13 6 31 14 
0 20 13 6 31 15 
0 20 13 6 31 16 
0 20 13 6 41 10 
0 20 13 6 41 11 
0 20 13 6 41 12 
0 20 13 6 41 14 
0 20 13 6 41 15 
0 20 13 6 41 16 
0 20 13 6 44 10 
0 20 13 6 44 11 
0 20 13 6 44 12 
0 20 13 6 44 14 
0 20 13 6 44 15 
0 20 13 6 44 16 
0 20 13 9 31 10 
0 20 13 9 31 11 
0 20 13 9 31 12 
0 20 13 9 31 14 
0 20 13 9 31 15 
0 20 13 9 31 16 
0 20 13 9 41 10 
0 20 13 9 41 11 
0 20 13 9 41 12 
0 20 13 9 41 14 
0 20 13 9 41 15 
0 20 13 9 41 16 
0 20 13 9 44 10 
0 20 13 9 44 11 
0 20 13 9 44 12 
0 20 13 9 44 14 
0 20 13 9 44 15 
0 20 13 9 44 16 
0 20 13 11 31 10 
0 20 13 11 31 12 
0 20 13 11 31 14 
0 20 13 11 31 15 
0 20 13 11 31 16 
0 20 13 11 41 10 
0 20 13 11 41 12 
0 20 13 11 41 14 
0 20 13 11 41 15 
0 20 13 11 41 16 
0 20 13 11 44 10 
0 20 13 11 44 12 
0 20 13 11 44 14 
0 20 13 11 44 15 
0 20 13 11 44 16 
0 20 13 14 31 10 
0 20 13 14 31 11 
0 20 13 14 31 12 
0 20 13 14 31 15 
0 20 13 14 31 16 
0 20 13 14 41 10 
0 20 13 14 41 11 
0 20 13 14 41 12 
0 20 13 14 41 15 
0 20 13 14 41 16 
0 20 13 14 44 10 
0 20 13 14 44 11 
0 20 13 14 44 12 
0 20 13 14 44 15 
0 20 13 14 44 16 
0 20 13 16 31 10 
0 20 13 16 31 11 
0 20 13 16 31 12 
0 20 13 16 31 14 
0 20 13 16 31 15 
0 20 13 16 41 10 
0 20 13 16 41 11 
0 20 13 16 41 12 
0 20 13 16 41 14 
0 20 13 16 41 15 
0 20 13 16 44 10 
0 20 13 16 44 11 
0 20 13 16 44 12 
0 20 13 16 44 14 
0 20 13 16 44 15 
0 20 13 21 31 10 
0 20 13 21 31 11 
0 20 13 21 31 12 
0 20 13 21 31 14 
0 20 13 21 31 15 
0 20 13 21 31 16 
0 20 13 21 41 10 
0 20 13 21 41 11 
0 20 13 21 41 12 
0 20 13 21 41 14 
0 20 13 21 41 15 
0 20 13 21 41 16 
0 20 13 21 44 10 
0 20 13 21 44 11 
0 20 13 21 44 12 
0 20 13 21 44 14 
0 20 13 21 44 15 
0 20 13 21 44 16 
0 20 13 22 31 10 
0 20 13 22 31 11 
0 20 13 22 31 12 
0 20 13 22 31 14 
0 20 13 22 31 15 
0 20 13 22 31 16 
0 20 13 22 41 10 
0 20 13 22 41 11 
0 20 13 22 41 12 
0 20 13 22 41 14 
0 20 13 22 41 15 
0 20 13 22 41 16 
0 20 13 22 44 10 
0 20 13 22 44 11 
0 20 13 22 44 12 
0 20 13 22 44 14 
0 20 13 22 44 15 
0 20 13 22 44 16 
0 20 14 6 31 17 
0 20 14 6 31 18 
0 20 14 6 31 19 
0 20 14 6 31 21 
0 20 14 6 31 22 
0 20 14 6 31 23 
0 20 14 6 41 17 
0 20 14 6 41 18 
0 20 14 6 41 19 
0 20 14 6 41 21 
0 20 14 6 41 22 
0 20 14 6 41 23 
0 20 14 6 44 17 
0 20 14 6 44 18 
0 20 14 6 44 19 
0 20 14 6 44 21 
0 20 14 6 44 22 
0 20 14 6 44 23 
0 20 14 9 31 17 
0 20 14 9 31 18 
0 20 14 9 31 19 
0 20 14 9 31 21 
0 20 14 9 31 22 
0 20 14 9 31 23 
0 20 14 9 41 17 
0 20 14 9 41 18 
0 20 14 9 41 19 
0 20 14 9 41 21 
0 20 14 9 41 22 
0 20 14 9 41 23 
0 20 14 9 44 17 
0 20 14 9 44 18 
0 20 14 9 44 19 
0 20 14 9 44 21 
0 20 14 9 44 22 
0 20 14 9 44 23 
0 20 14 11 31 17 
0 20 14 11 31 18 
0 20 14 11 31 19 
0 20 14 11 31 21 
0 20 14 11 31 22 
0 20 14 11 31 23 
0 20 14 11 41 17 
0 20 14 11 41 18 
0 20 14 11 41 19 
0 20 14 11 41 21 
0 20 14 11 41 22 
0 20 14 11 41 23 
0 20 14 11 44 17 
0 20 14 11 44 18 
0 20 14 11 44 19 
0 20 14 11 44 21 
0 20 14 11 44 22 
0 20 14 11 44 23 
0 20 14 16 31 17 
0 20 14 16 31 18 
0 20 14 16 31 19 
0 20 14 16 31 21 
0 20 14 16 31 22 
0 20 14 16 31 23 
0 20 14 16 41 17 
0 20 14 16 41 18 
0 20 14 16 41 19 
0 20 14 16 41 21 
0 20 14 16 41 22 
0 20 14 16 41 23 
0 20 14 16 44 17 
0 20 14 16 44 18 
0 20 14 16 44 19 
0 20 14 16 44 21 
0 20 14 16 44 22 
0 20 14 16 44 23 
0 20 14 21 31 17 
0 20 14 21 31 18 
0 20 14 21 31 19 
0 20 14 21 31 22 
0 20 14 21 31 23 
0 20 14 21 41 17 
0 20 14 21 41 18 
0 20 14 21 41 19 
0 20 14 21 41 22 
0 20 14 21 41 23 
0 20 14 21 44 17 
0 20 14 21 44 18 
0 20 14 21 44 19 
0 20 14 21 44 22 
0 20 14 21 44 23 
0 20 14 22 31 17 
0 20 14 22 31 18 
0 20 14 22 31 19 
0 20 14 22 31 21 
0 20 14 22 31 23 
0 20 14 22 41 17 
0 20 14 22 41 18 
0 20 14 22 41 19 
0 20 14 22 41 21 
0 20 14 22 41 23 
0 20 14 22 44 17 
0 20 14 22 44 18 
0 20 14 22 44 19 
0 20 14 22 44 21 
0 20 14 22 44 23 
0 20 15 6 34 4 
0 20 15 6 34 5 
0 20 15 6 34 7 
0 20 15 6 34 8 
0 20 15 6 34 9 
0 20 15 6 35 4 
0 20 15 6 35 5 
0 20 15 6 35 7 
0 20 15 6 35 8 
0 20 15 6 35 9 
0 20 15 6 37 4 
0 20 15 6 37 5 
0 20 15 6 37 7 
0 20 15 6 37 8 
0 20 15 6 37 9 
0 20 15 6 47 4 
0 20 15 6 47 5 
0 20 15 6 47 7 
0 20 15 6 47 8 
0 20 15 6 47 9 
0 20 15 9 34 4 
0 20 15 9 34 5 
0 20 15 9 34 6 
0 20 15 9 34 7 
0 20 15 9 34 8 
0 20 15 9 35 4 
0 20 15 9 35 5 
0 20 15 9 35 6 
0 20 15 9 35 7 
0 20 15 9 35 8 
0 20 15 9 37 4 
0 20 15 9 37 5 
0 20 15 9 37 6 
0 20 15 9 37 7 
0 20 15 9 37 8 
0 20 15 9 47 4 
0 20 15 9 47 5 
0 20 15 9 47 6 
0 20 15 9 47 7 
0 20 15 9 47 8 
0 20 15 11 34 4 
0 20 15 11 34 5 
0 20 15 11 34 6 
0 20 15 11 34 7 
0 20 15 11 34 8 
0 20 15 11 34 9 
0 20 15 11 35 4 
0 20 15 11 35 5 
0 20 15 11 35 6 
0 20 15 11 35 7 
0 20 15 11 35 8 
0 20 15 11 35 9 
0 20 15 11 37 4 
0 20 15 11 37 5 
0 20 15 11 37 6 
0 20 15 11 37 7 
0 20 15 11 37 8 
0 20 15 11 37 9 
0 20 15 11 47 4 
0 20 15 11 47 5 
0 20 15 11 47 6 
0 20 15 11 47 7 
0 20 15 11 47 8 
0 20 15 11 47 9 
0 20 15 14 34 4 
0 20 15 14 34 5 
0 20 15 14 34 6 
0 20 15 14 34 7 
0 20 15 14 34 8 
0 20 15 14 34 9 
0 20 15 14 35 4 
0 20 15 14 35 5 
0 20 15 14 35 6 
0 20 15 14 35 7 
0 20 15 14 35 8 
0 20 15 14 35 9 
0 20 15 14 37 4 
0 20 15 14 37 5 
0 20 15 14 37 6 
0 20 15 14 37 7 
0 20 15 14 37 8 
0 20 15 14 37 9 
0 20 15 14 47 4 
0 20 15 14 47 5 
0 20 15 14 47 6 
0 20 15 14 47 7 
0 20 15 14 47 8 
0 20 15 14 47 9 
0 20 15 16 34 4 
0 20 15 16 34 5 
0 20 15 16 34 6 
0 20 15 16 34 7 
0 20 15 16 34 8 
0 20 15 16 34 9 
0 20 15 16 35 4 
0 20 15 16 35 5 
0 20 15 16 35 6 
0 20 15 16 35 7 
0 20 15 16 35 8 
0 20 15 16 35 9 
0 20 15 16 37 4 
0 20 15 16 37 5 
0 20 15 16 37 6 
0 20 15 16 37 7 
0 20 15 16 37 8 
0 20 15 16 37 9 
0 20 15 16 47 4 
0 20 15 16 47 5 
0 20 15 16 47 6 
0 20 15 16 47 7 
0 20 15 16 47 8 
0 20 15 16 47 9 
0 20 15 21 34 4 
0 20 15 21 34 5 
0 20 15 21 34 6 
0 20 15 21 34 7 
0 20 15 21 34 8 
0 20 15 21 34 9 
0 20 15 21 35 4 
0 20 15 21 35 5 
0 20 15 21 35 6 
0 20 15 21 35 7 
0 20 15 21 35 8 
0 20 15 21 35 9 
0 20 15 21 37 4 
0 20 15 21 37 5 
0 20 15 21 37 6 
0 20 15 21 37 7 
0 20 15 21 37 8 
0 20 15 21 37 9 
0 20 15 21 47 4 
0 20 15 21 47 5 
0 20 15 21 47 6 
0 20 15 21 47 7 
0 20 15 21 47 8 
0 20 15 21 47 9 
0 20 15 22 34 4 
0 20 15 22 34 5 
0 20 15 22 34 6 
0 20 15 22 34 7 
0 20 15 22 34 8 
0 20 15 22 34 9 
0 20 15 22 35 4 
0 20 15 22 35 5 
0 20 15 22 35 6 
0 20 15 22 35 7 
0 20 15 22 35 8 
0 20 15 22 35 9 
0 20 15 22 37 4 
0 20 15 22 37 5 
0 20 15 22 37 6 
0 20 15 22 37 7 
0 20 15 22 37 8 
0 20 15 22 37 9 
0 20 15 22 47 4 
0 20 15 22 47 5 
0 20 15 22 47 6 
0 20 15 22 47 7 
0 20 15 22 47 8 
0 20 15 22 47 9 
0 20 16 6 34 17 
0 20 16 6 34 18 
0 20 16 6 34 19 
0 20 16 6 34 21 
0 20 16 6 34 22 
0 20 16 6 34 23 
0 20 16 6 35 17 
0 20 16 6 35 18 
0 20 16 6 35 19 
0 20 16 6 35 21 
0 20 16 6 35 22 
0 20 16 6 35 23 
0 20 16 6 37 17 
0 20 16 6 37 18 
0 20 16 6 37 19 
0 20 16 6 37 21 
0 20 16 6 37 22 
0 20 16 6 37 23 
0 20 16 6 47 17 
0 20 16 6 47 18 
0 20 16 6 47 19 
0 20 16 6 47 21 
0 20 16 6 47 22 
0 20 16 6 47 23 
0 20 16 9 34 17 
0 20 16 9 34 18 
0 20 16 9 34 19 
0 20 16 9 34 21 
0 20 16 9 34 22 
0 20 16 9 34 23 
0 20 16 9 35 17 
0 20 16 9 35 18 
0 20 16 9 35 19 
0 20 16 9 35 21 
0 20 16 9 35 22 
0 20 16 9 35 23 
0 20 16 9 37 17 
0 20 16 9 37 18 
0 20 16 9 37 19 
0 20 16 9 37 21 
0 20 16 9 37 22 
0 20 16 9 37 23 
0 20 16 9 47 17 
0 20 16 9 47 18 
0 20 16 9 47 19 
0 20 16 9 47 21 
0 20 16 9 47 22 
0 20 16 9 47 23 
0 20 16 11 34 17 
0 20 16 11 34 18 
0 20 16 11 34 19 
0 20 16 11 34 21 
0 20 16 11 34 22 
0 20 16 11 34 23 
0 20 16 11 35 17 
0 20 16 11 35 18 
0 20 16 11 35 19 
0 20 16 11 35 21 
0 20 16 11 35 22 
0 20 16 11 35 23 
0 20 16 11 37 17 
0 20 16 11 37 18 
0 20 16 11 37 19 
0 20 16 11 37 21 
0 20 16 11 37 22 
0 20 16 11 37 23 
0 20 16 11 47 17 
0 20 16 11 47 18 
0 20 16 11 47 19 
0 20 16 11 47 21 
0 20 16 11 47 22 
0 20 16 11 47 23 
0 20 16 14 34 17 
0 20 16 14 34 18 
0 20 16 14 34 19 
0 20 16 14 34 21 
0 20 16 14 34 22 
0 20 16 14 34 23 
0 20 16 14 35 17 
0 20 16 14 35 18 
0 20 16 14 35 19 
0 20 16 14 35 21 
0 20 16 14 35 22 
0 20 16 14 35 23 
0 20 16 14 37 17 
0 20 16 14 37 18 
0 20 16 14 37 19 
0 20 16 14 37 21 
0 20 16 14 37 22 
0 20 16 14 37 23 
0 20 16 14 47 17 
0 20 16 14 47 18 
0 20 16 14 47 19 
0 20 16 14 47 21 
0 20 16 14 47 22 
0 20 16 14 47 23 
0 20 16 21 34 17 
0 20 16 21 34 18 
0 20 16 21 34 19 
0 20 16 21 34 22 
0 20 16 21 34 23 
0 20 16 21 35 17 
0 20 16 21 35 18 
0 20 16 21 35 19 
0 20 16 21 35 22 
0 20 16 21 35 23 
0 20 16 21 37 17 
0 20 16 21 37 18 
0 20 16 21 37 19 
0 20 16 21 37 22 
0 20 16 21 37 23 
0 20 16 21 47 17 
0 20 16 21 47 18 
0 20 16 21 47 19 
0 20 16 21 47 22 
0 20 16 21 47 23 
0 20 16 22 34 17 
0 20 16 22 34 18 
0 20 16 22 34 19 
0 20 16 22 34 21 
0 20 16 22 34 23 
0 20 16 22 35 17 
0 20 16 22 35 18 
0 20 16 22 35 19 
0 20 16 22 35 21 
0 20 16 22 35 23 
0 20 16 22 37 17 
0 20 16 22 37 18 
0 20 16 22 37 19 
0 20 16 22 37 21 
0 20 16 22 37 23 
0 20 16 22 47 17 
0 20 16 22 47 18 
0 20 16 22 47 19 
0 20 16 22 47 21 
0 20 16 22 47 23 
0 23 10 6 35 11 
0 23 10 6 35 12 
0 23 10 6 35 13 
0 23 10 6 35 14 
0 23 10 6 35 15 
0 23 10 6 35 16 
0 23 10 6 36 11 
0 23 10 6 36 12 
0 23 10 6 36 13 
0 23 10 6 36 14 
0 23 10 6 36 15 
0 23 10 6 36 16 
0 23 10 6 37 11 
0 23 10 6 37 12 
0 23 10 6 37 13 
0 23 10 6 37 14 
0 23 10 6 37 15 
0 23 10 6 37 16 
0 23 10 9 35 11 
0 23 10 9 35 12 
0 23 10 9 35 13 
0 23 10 9 35 14 
0 23 10 9 35 15 
0 23 10 9 35 16 
0 23 10 9 36 11 
0 23 10 9 36 12 
0 23 10 9 36 13 
0 23 10 9 36 14 
0 23 10 9 36 15 
0 23 10 9 36 16 
0 23 10 9 37 11 
0 23 10 9 37 12 
0 23 10 9 37 13 
0 23 10 9 37 14 
0 23 10 9 37 15 
0 23 10 9 37 16 
0 23 10 11 35 12 
0 23 10 11 35 13 
0 23 10 11 35 14 
0 23 10 11 35 15 
0 23 10 11 35 16 
0 23 10 11 36 12 
0 23 10 11 36 13 
0 23 10 11 36 14 
0 23 10 11 36 15 
0 23 10 11 36 16 
0 23 10 11 37 12 
0 23 10 11 37 13 
0 23 10 11 37 14 
0 23 10 11 37 15 
0 23 10 11 37 16 
0 23 10 14 35 11 
0 23 10 14 35 12 
0 23 10 14 35 13 
0 23 10 14 35 15 
0 23 10 14 35 16 
0 23 10 14 36 11 
0 23 10 14 36 12 
0 23 10 14 36 13 
0 23 10 14 36 15 
0 23 10 14 36 16 
0 23 10 14 37 11 
0 23 10 14 37 12 
0 23 10 14 37 13 
0 23 10 14 37 15 
0 23 10 14 37 16 
0 23 10 16 35 11 
0 23 10 16 35 12 
0 23 10 16 35 13 
0 23 10 16 35 14 
0 23 10 16 35 15 
0 23 10 16 36 11 
0 23 10 16 36 12 
0 23 10 16 36 13 
0 23 10 16 36 14 
0 23 10 16 36 15 
0 23 10 16 37 11 
0 23 10 16 37 12 
0 23 10 16 37 13 
0 23 10 16 37 14 
0 23 10 16 37 15 
0 23 10 21 35 11 
0 23 10 21 35 12 
0 23 10 21 35 13 
0 23 10 21 35 14 
0 23 10 21 35 15 
0 23 10 21 35 16 
0 23 10 21 36 11 
0 23 10 21 36 12 
0 23 10 21 36 13 
0 23 10 21 36 14 
0 23 10 21 36 15 
0 23 10 21 36 16 
0 23 10 21 37 11 
0 23 10 21 37 12 
0 23 10 21 37 13 
0 23 10 21 37 14 
0 23 10 21 37 15 
0 23 10 21 37 16 
0 23 10 22 35 11 
0 23 10 22 35 12 
0 23 10 22 35 13 
0 23 10 22 35 14 
0 23 10 22 35 15 
0 23 10 22 35 16 
0 23 10 22 36 11 
0 23 10 22 36 12 
0 23 10 22 36 13 
0 23 10 22 36 14 
0 23 10 22 36 15 
0 23 10 22 36 16 
0 23 10 22 37 11 
0 23 10 22 37 12 
0 23 10 22 37 13 
0 23 10 22 37 14 
0 23 10 22 37 15 
0 23 10 22 37 16 
0 23 11 6 39 17 
0 23 11 6 39 18 
0 23 11 6 39 19 
0 23 11 6 39 20 
0 23 11 6 39 21 
0 23 11 6 39 22 
0 23 11 6 43 17 
0 23 11 6 43 18 
0 23 11 6 43 19 
0 23 11 6 43 20 
0 23 11 6 43 21 
0 23 11 6 43 22 
0 23 11 9 39 17 
0 23 11 9 39 18 
0 23 11 9 39 19 
0 23 11 9 39 20 
0 23 11 9 39 21 
0 23 11 9 39 22 
0 23 11 9 43 17 
0 23 11 9 43 18 
0 23 11 9 43 19 
0 23 11 9 43 20 
0 23 11 9 43 21 
0 23 11 9 43 22 
0 23 11 14 39 17 
0 23 11 14 39 18 
0 23 11 14 39 19 
0 23 11 14 39 20 
0 23 11 14 39 21 
0 23 11 14 39 22 
0 23 11 14 43 17 
0 23 11 14 43 18 
0 23 11 14 43 19 
0 23 11 14 43 20 
0 23 11 14 43 21 
0 23 11 14 43 22 
0 23 11 16 39 17 
0 23 11 16 39 18 
0 23 11 16 39 19 
0 23 11 16 39 20 
0 23 11 16 39 21 
0 23 11 16 39 22 
0 23 11 16 43 17 
0 23 11 16 43 18 
0 23 11 16 43 19 
0 23 11 16 43 20 
0 23 11 16 43 21 
0 23 11 16 43 22 
0 23 11 21 39 17 
0 23 11 21 39 18 
0 23 11 21 39 19 
0 23 11 21 39 20 
0 23 11 21 39 22 
0 23 11 21 43 17 
0 23 11 21 43 18 
0 23 11 21 43 19 
0 23 11 21 43 20 
0 23 11 21 43 22 
0 23 11 22 39 17 
0 23 11 22 39 18 
0 23 11 22 39 19 
0 23 11 22 39 20 
0 23 11 22 39 21 
0 23 11 22 43 17 
0 23 11 22 43 18 
0 23 11 22 43 19 
0 23 11 22 43 20 
0 23 11 22 43 21 
0 23 12 6 43 10 
0 23 12 6 43 11 
0 23 12 6 43 13 
0 23 12 6 43 14 
0 23 12 6 43 15 
0 23 12 6 43 16 
0 23 12 6 44 10 
0 23 12 6 44 11 
0 23 12 6 44 13 
0 23 12 6 44 14 
0 23 12 6 44 15 
0 23 12 6 44 16 
0 23 12 9 43 10 
0 23 12 9 43 11 
0 23 12 9 43 13 
0 23 12 9 43 14 
0 23 12 9 43 15 
0 23 12 9 43 16 
0 23 12 9 44 10 
0 23 12 9 44 11 
0 23 12 9 44 13 
0 23 12 9 44 14 
0 23 12 9 44 15 
0 23 12 9 44 16 
0 23 12 11 43 10 
0 23 12 11 43 13 
0 23 12 11 43 14 
0 23 12 11 43 15 
0 23 12 11 43 16 
0 23 12 11 44 10 
0 23 12 11 44 13 
0 23 12 11 44 14 
0 23 12 11 44 15 
0 23 12 11 44 16 
0 23 12 14 43 10 
0 23 12 14 43 11 
0 23 12 14 43 13 
0 23 12 14 43 15 
0 23 12 14 43 16 
0 23 12 14 44 10 
0 23 12 14 44 11 
0 23 12 14 44 13 
0 23 12 14 44 15 
0 23 12 14 44 16 
0 23 12 16 43 10 
0 23 12 16 43 11 
0 23 12 16 43 13 
0 23 12 16 43 14 
0 23 12 16 43 15 
0 23 12 16 44 10 
0 23 12 16 44 11 
0 23 12 16 44 13 
0 23 12 16 44 14 
0 23 12 16 44 15 
0 23 12 21 43 10 
0 23 12 21 43 11 
0 23 12 21 43 13 
0 23 12 21 43 14 
0 23 12 21 43 15 
0 23 12 21 43 16 
0 23 12 21 44 10 
0 23 12 21 44 11 
0 23 12 21 44 13 
0 23 12 21 44 14 
0 23 12 21 44 15 
0 23 12 21 44 16 
0 23 12 22 43 10 
0 23 12 22 43 11 
0 23 12 22 43 13 
0 23 12 22 43 14 
0 23 12 22 43 15 
0 23 12 22 43 16 
0 23 12 22 44 10 
0 23 12 22 44 11 
0 23 12 22 44 13 
0 23 12 22 44 14 
0 23 12 22 44 15 
0 23 12 22 44 16 
0 23 13 6 33 10 
0 23 13 6 33 11 
0 23 13 6 33 12 
0 23 13 6 33 14 
0 23 13 6 33 15 
0 23 13 6 33 16 
0 23 13 6 34 10 
0 23 13 6 34 11 
0 23 13 6 34 12 
0 23 13 6 34 14 
0 23 13 6 34 15 
0 23 13 6 34 16 
0 23 13 6 47 10 
0 23 13 6 47 11 
0 23 13 6 47 12 
0 23 13 6 47 14 
0 23 13 6 47 15 
0 23 13 6 47 16 
0 23 13 9 33 10 
0 23 13 9 33 11 
0 23 13 9 33 12 
0 23 13 9 33 14 
0 23 13 9 33 15 
0 23 13 9 33 16 
0 23 13 9 34 10 
0 23 13 9 34 11 
0 23 13 9 34 12 
0 23 13 9 34 14 
0 23 13 9 34 15 
0 23 13 9 34 16 
0 23 13 9 47 10 
0 23 13 9 47 11 
0 23 13 9 47 12 
0 23 13 9 47 14 
0 23 13 9 47 15 
0 23 13 9 47 16 
0 23 13 11 33 10 
0 23 13 11 33 12 
0 23 13 11 33 14 
0 23 13 11 33 15 
0 23 13 11 33 16 
0 23 13 11 34 10 
0 23 13 11 34 12 
0 23 13 11 34 14 
0 23 13 11 34 15 
0 23 13 11 34 16 
0 23 13 11 47 10 
0 23 13 11 47 12 
0 23 13 11 47 14 
0 23 13 11 47 15 
0 23 13 11 47 16 
0 23 13 14 33 10 
0 23 13 14 33 11 
0 23 13 14 33 12 
0 23 13 14 33 15 
0 23 13 14 33 16 
0 23 13 14 34 10 
0 23 13 14 34 11 
0 23 13 14 34 12 
0 23 13 14 34 15 
0 23 13 14 34 16 
0 23 13 14 47 10 
0 23 13 14 47 11 
0 23 13 14 47 12 
0 23 13 14 47 15 
0 23 13 14 47 16 
0 23 13 16 33 10 
0 23 13 16 33 11 
0 23 13 16 33 12 
0 23 13 16 33 14 
0 23 13 16 33 15 
0 23 13 16 34 10 
0 23 13 16 34 11 
0 23 13 16 34 12 
0 23 13 16 34 14 
0 23 13 16 34 15 
0 23 13 16 47 10 
0 23 13 16 47 11 
0 23 13 16 47 12 
0 23 13 16 47 14 
0 23 13 16 47 15 
0 23 13 21 33 10 
0 23 13 21 33 11 
0 23 13 21 33 12 
0 23 13 21 33 14 
0 23 13 21 33 15 
0 23 13 21 33 16 
0 23 13 21 34 10 
0 23 13 21 34 11 
0 23 13 21 34 12 
0 23 13 21 34 14 
0 23 13 21 34 15 
0 23 13 21 34 16 
0 23 13 21 47 10 
0 23 13 21 47 11 
0 23 13 21 47 12 
0 23 13 21 47 14 
0 23 13 21 47 15 
0 23 13 21 47 16 
0 23 13 22 33 10 
0 23 13 22 33 11 
0 23 13 22 33 12 
0 23 13 22 33 14 
0 23 13 22 33 15 
0 23 13 22 33 16 
0 23 13 22 34 10 
0 23 13 22 34 11 
0 23 13 22 34 12 
0 23 13 22 34 14 
0 23 13 22 34 15 
0 23 13 22 34 16 
0 23 13 22 47 10 
0 23 13 22 47 11 
0 23 13 22 47 12 
0 23 13 22 47 14 
0 23 13 22 47 15 
0 23 13 22 47 16 
0 23 14 6 33 17 
0 23 14 6 33 18 
0 23 14 6 33 19 
0 23 14 6 33 20 
0 23 14 6 33 21 
0 23 14 6 33 22 
0 23 14 6 34 17 
0 23 14 6 34 18 
0 23 14 6 34 19 
0 23 14 6 34 20 
0 23 14 6 34 21 
0 23 14 6 34 22 
0 23 14 6 47 17 
0 23 14 6 47 18 
0 23 14 6 47 19 
0 23 14 6 47 20 
0 23 14 6 47 21 
0 23 14 6 47 22 
0 23 14 9 33 17 
0 23 14 9 33 18 
0 23 14 9 33 19 
0 23 14 9 33 20 
0 23 14 9 33 21 
0 23 14 9 33 22 
0 23 14 9 34 17 
0 23 14 9 34 18 
0 23 14 9 34 19 
0 23 14 9 34 20 
0 23 14 9 34 21 
0 23 14 9 34 22 
0 23 14 9 47 17 
0 23 14 9 47 18 
0 23 14 9 47 19 
0 23 14 9 47 20 
0 23 14 9 47 21 
0 23 14 9 47 22 
0 23 14 11 33 17 
0 23 14 11 33 18 
0 23 14 11 33 19 
0 23 14 11 33 20 
0 23 14 11 33 21 
0 23 14 11 33 22 
0 23 14 11 34 17 
0 23 14 11 34 18 
0 23 14 11 34 19 
0 23 14 11 34 20 
0 23 14 11 34 21 
0 23 14 11 34 22 
0 23 14 11 47 17 
0 23 14 11 47 18 
0 23 14 11 47 19 
0 23 14 11 47 20 
0 23 14 11 47 21 
0 23 14 11 47 22 
0 23 14 16 33 17 
0 23 14 16 33 18 
0 23 14 16 33 19 
0 23 14 16 33 20 
0 23 14 16 33 21 
0 23 14 16 33 22 
0 23 14 16 34 17 
0 23 14 16 34 18 
0 23 14 16 34 19 
0 23 14 16 34 20 
0 23 14 16 34 21 
0 23 14 16 34 22 
0 23 14 16 47 17 
0 23 14 16 47 18 
0 23 14 16 47 19 
0 23 14 16 47 20 
0 23 14 16 47 21 
0 23 14 16 47 22 
0 23 14 21 33 17 
0 23 14 21 33 18 
0 23 14 21 33 19 
0 23 14 21 33 20 
0 23 14 21 33 22 
0 23 14 21 34 17 
0 23 14 21 34 18 
0 23 14 21 34 19 
0 23 14 21 34 20 
0 23 14 21 34 22 
0 23 14 21 47 17 
0 23 14 21 47 18 
0 23 14 21 47 19 
0 23 14 21 47 20 
0 23 14 21 47 22 
0 23 14 22 33 17 
0 23 14 22 33 18 
0 23 14 22 33 19 
0 23 14 22 33 20 
0 23 14 22 33 21 
0 23 14 22 34 17 
0 23 14 22 34 18 
0 23 14 22 34 19 
0 23 14 22 34 20 
0 23 14 22 34 21 
0 23 14 22 47 17 
0 23 14 22 47 18 
0 23 14 22 47 19 
0 23 14 22 47 20 
0 23 14 22 47 21 
0 23 15 6 37 4 
0 23 15 6 37 5 
0 23 15 6 37 7 
0 23 15 6 37 8 
0 23 15 6 37 9 
0 23 15 6 42 4 
0 23 15 6 42 5 
0 23 15 6 42 7 
0 23 15 6 42 8 
0 23 15 6 42 9 
0 23 15 6 48 4 
0 23 15 6 48 5 
0 23 15 6 48 7 
0 23 15 6 48 8 
0 23 15 6 48 9 
0 23 15 9 37 4 
0 23 15 9 37 5 
0 23 15 9 37 6 
0 23 15 9 37 7 
0 23 15 9 37 8 
0 23 15 9 42 4 
0 23 15 9 42 5 
0 23 15 9 42 6 
0 23 15 9 42 7 
0 23 15 9 42 8 
0 23 15 9 48 4 
0 23 15 9 48 5 
0 23 15 9 48 6 
0 23 15 9 48 7 
0 23 15 9 48 8 
0 23 15 11 37 4 
0 23 15 11 37 5 
0 23 15 11 37 6 
0 23 15 11 37 7 
0 23 15 11 37 8 
0 23 15 11 37 9 
0 23 15 11 42 4 
0 23 15 11 42 5 
0 23 15 11 42 6 
0 23 15 11 42 7 
0 23 15 11 42 8 
0 23 15 11 42 9 
0 23 15 11 48 4 
0 23 15 11 48 5 
0 23 15 11 48 6 
0 23 15 11 48 7 
0 23 15 11 48 8 
0 23 15 11 48 9 
0 23 15 14 37 4 
0 23 15 14 37 5 
0 23 15 14 37 6 
0 23 15 14 37 7 
0 23 15 14 37 8 
0 23 15 14 37 9 
0 23 15 14 42 4 
0 23 15 14 42 5 
0 23 15 14 42 6 
0 23 15 14 42 7 
0 23 15 14 42 8 
0 23 15 14 42 9 
0 23 15 14 48 4 
0 23 15 14 48 5 
0 23 15 14 48 6 
0 23 15 14 48 7 
0 23 15 14 48 8 
0 23 15 14 48 9 
0 23 15 16 37 4 
0 23 15 16 37 5 
0 23 15 16 37 6 
0 23 15 16 37 7 
0 23 15 16 37 8 
0 23 15 16 37 9 
0 23 15 16 42 4 
0 23 15 16 42 5 
0 23 15 16 42 6 
0 23 15 16 42 7 
0 23 15 16 42 8 
0 23 15 16 42 9 
0 23 15 16 48 4 
0 23 15 16 48 5 
0 23 15 16 48 6 
0 23 15 16 48 7 
0 23 15 16 48 8 
0 23 15 16 48 9 
0 23 15 21 37 4 
0 23 15 21 37 5 
0 23 15 21 37 6 
0 23 15 21 37 7 
0 23 15 21 37 8 
0 23 15 21 37 9 
0 23 15 21 42 4 
0 23 15 21 42 5 
0 23 15 21 42 6 
0 23 15 21 42 7 
0 23 15 21 42 8 
0 23 15 21 42 9 
0 23 15 21 48 4 
0 23 15 21 48 5 
0 23 15 21 48 6 
0 23 15 21 48 7 
0 23 15 21 48 8 
0 23 15 21 48 9 
0 23 15 22 37 4 
0 23 15 22 37 5 
0 23 15 22 37 6 
0 23 15 22 37 7 
0 23 15 22 37 8 
0 23 15 22 37 9 
0 23 15 22 42 4 
0 23 15 22 42 5 
0 23 15 22 42 6 
0 23 15 22 42 7 
0 23 15 22 42 8 
0 23 15 22 42 9 
0 23 15 22 48 4 
0 23 15 22 48 5 
0 23 15 22 48 6 
0 23 15 22 48 7 
0 23 15 22 48 8 
0 23 15 22 48 9 
0 23 16 6 37 17 
0 23 16 6 37 18 
0 23 16 6 37 19 
0 23 16 6 37 20 
0 23 16 6 37 21 
0 23 16 6 37 22 
0 23 16 6 42 17 
0 23 16 6 42 18 
0 23 16 6 42 19 
0 23 16 6 42 20 
0 23 16 6 42 21 
0 23 16 6 42 22 
0 23 16 6 48 17 
0 23 16 6 48 18 
0 23 16 6 48 19 
0 23 16 6 48 20 
0 23 16 6 48 21 
0 23 16 6 48 22 
0 23 16 9 37 17 
0 23 16 9 37 18 
0 23 16 9 37 19 
0 23 16 9 37 20 
0 23 16 9 37 21 
0 23 16 9 37 22 
0 23 16 9 42 17 
0 23 16 9 42 18 
0 23 16 9 42 19 
0 23 16 9 42 20 
0 23 16 9 42 21 
0 23 16 9 42 22 
0 23 16 9 48 17 
0 23 16 9 48 18 
0 23 16 9 48 19 
0 23 16 9 48 20 
0 23 16 9 48 21 
0 23 16 9 48 22 
0 23 16 11 37 17 
0 23 16 11 37 18 
0 23 16 11 37 19 
0 23 16 11 37 20 
0 23 16 11 37 21 
0 23 16 11 37 22 
0 23 16 11 42 17 
0 23 16 11 42 18 
0 23 16 11 42 19 
0 23 16 11 42 20 
0 23 16 11 42 21 
0 23 16 11 42 22 
0 23 16 11 48 17 
0 23 16 11 48 18 
0 23 16 11 48 19 
0 23 16 11 48 20 
0 23 16 11 48 21 
0 23 16 11 48 22 
0 23 16 14 37 17 
0 23 16 14 37 18 
0 23 16 14 37 19 
0 23 16 14 37 20 
0 23 16 14 37 21 
0 23 16 14 37 22 
0 23 16 14 42 17 
0 23 16 14 42 18 
0 23 16 14 42 19 
0 23 16 14 42 20 
0 23 16 14 42 21 
0 23 16 14 42 22 
0 23 16 14 48 17 
0 23 16 14 48 18 
0 23 16 14 48 19 
0 23 16 14 48 20 
0 23 16 14 48 21 
0 23 16 14 48 22 
0 23 16 21 37 17 
0 23 16 21 37 18 
0 23 16 21 37 19 
0 23 16 21 37 20 
0 23 16 21 37 22 
0 23 16 21 42 17 
0 23 16 21 42 18 
0 23 16 21 42 19 
0 23 16 21 42 20 
0 23 16 21 42 22 
0 23 16 21 48 17 
0 23 16 21 48 18 
0 23 16 21 48 19 
0 23 16 21 48 20 
0 23 16 21 48 22 
0 23 16 22 37 17 
0 23 16 22 37 18 
0 23 16 22 37 19 
0 23 16 22 37 20 
0 23 16 22 37 21 
0 23 16 22 42 17 
0 23 16 22 42 18 
0 23 16 22 42 19 
0 23 16 22 42 20 
0 23 16 22 42 21 
0 23 16 22 48 17 
0 23 16 22 48 18 
0 23 16 22 48 19 
0 23 16 22 48 20 
0 23 16 22 48 21 
