7
2
0
3
1
3 6 10 4 29 11 
3 6 10 4 29 12 
3 6 10 4 29 13 
3 6 10 4 29 14 
3 6 10 4 29 15 
3 6 10 4 29 16 
3 6 10 4 30 11 
3 6 10 4 30 12 
3 6 10 4 30 13 
3 6 10 4 30 14 
3 6 10 4 30 15 
3 6 10 4 30 16 
3 6 10 5 29 11 
3 6 10 5 29 12 
3 6 10 5 29 13 
3 6 10 5 29 14 
3 6 10 5 29 15 
3 6 10 5 29 16 
3 6 10 5 30 11 
3 6 10 5 30 12 
3 6 10 5 30 13 
3 6 10 5 30 14 
3 6 10 5 30 15 
3 6 10 5 30 16 
3 6 10 15 29 11 
3 6 10 15 29 12 
3 6 10 15 29 13 
3 6 10 15 29 14 
3 6 10 15 29 16 
3 6 10 15 30 11 
3 6 10 15 30 12 
3 6 10 15 30 13 
3 6 10 15 30 14 
3 6 10 15 30 16 
3 6 10 17 29 11 
3 6 10 17 29 12 
3 6 10 17 29 13 
3 6 10 17 29 14 
3 6 10 17 29 15 
3 6 10 17 29 16 
3 6 10 17 30 11 
3 6 10 17 30 12 
3 6 10 17 30 13 
3 6 10 17 30 14 
3 6 10 17 30 15 
3 6 10 17 30 16 
3 6 10 19 29 11 
3 6 10 19 29 12 
3 6 10 19 29 13 
3 6 10 19 29 14 
3 6 10 19 29 15 
3 6 10 19 29 16 
3 6 10 19 30 11 
3 6 10 19 30 12 
3 6 10 19 30 13 
3 6 10 19 30 14 
3 6 10 19 30 15 
3 6 10 19 30 16 
3 6 10 20 29 11 
3 6 10 20 29 12 
3 6 10 20 29 13 
3 6 10 20 29 14 
3 6 10 20 29 15 
3 6 10 20 29 16 
3 6 10 20 30 11 
3 6 10 20 30 12 
3 6 10 20 30 13 
3 6 10 20 30 14 
3 6 10 20 30 15 
3 6 10 20 30 16 
3 6 10 23 29 11 
3 6 10 23 29 12 
3 6 10 23 29 13 
3 6 10 23 29 14 
3 6 10 23 29 15 
3 6 10 23 29 16 
3 6 10 23 30 11 
3 6 10 23 30 12 
3 6 10 23 30 13 
3 6 10 23 30 14 
3 6 10 23 30 15 
3 6 10 23 30 16 
3 6 11 4 40 17 
3 6 11 4 40 18 
3 6 11 4 40 19 
3 6 11 4 40 20 
3 6 11 4 40 21 
3 6 11 4 40 22 
3 6 11 4 40 23 
3 6 11 4 41 17 
3 6 11 4 41 18 
3 6 11 4 41 19 
3 6 11 4 41 20 
3 6 11 4 41 21 
3 6 11 4 41 22 
3 6 11 4 41 23 
3 6 11 4 42 17 
3 6 11 4 42 18 
3 6 11 4 42 19 
3 6 11 4 42 20 
3 6 11 4 42 21 
3 6 11 4 42 22 
3 6 11 4 42 23 
3 6 11 5 40 17 
3 6 11 5 40 18 
3 6 11 5 40 19 
3 6 11 5 40 20 
3 6 11 5 40 21 
3 6 11 5 40 22 
3 6 11 5 40 23 
3 6 11 5 41 17 
3 6 11 5 41 18 
3 6 11 5 41 19 
3 6 11 5 41 20 
3 6 11 5 41 21 
3 6 11 5 41 22 
3 6 11 5 41 23 
3 6 11 5 42 17 
3 6 11 5 42 18 
3 6 11 5 42 19 
3 6 11 5 42 20 
3 6 11 5 42 21 
3 6 11 5 42 22 
3 6 11 5 42 23 
3 6 11 15 40 17 
3 6 11 15 40 18 
3 6 11 15 40 19 
3 6 11 15 40 20 
3 6 11 15 40 21 
3 6 11 15 40 22 
3 6 11 15 40 23 
3 6 11 15 41 17 
3 6 11 15 41 18 
3 6 11 15 41 19 
3 6 11 15 41 20 
3 6 11 15 41 21 
3 6 11 15 41 22 
3 6 11 15 41 23 
3 6 11 15 42 17 
3 6 11 15 42 18 
3 6 11 15 42 19 
3 6 11 15 42 20 
3 6 11 15 42 21 
3 6 11 15 42 22 
3 6 11 15 42 23 
3 6 11 17 40 18 
3 6 11 17 40 19 
3 6 11 17 40 20 
3 6 11 17 40 21 
3 6 11 17 40 22 
3 6 11 17 40 23 
3 6 11 17 41 18 
3 6 11 17 41 19 
3 6 11 17 41 20 
3 6 11 17 41 21 
3 6 11 17 41 22 
3 6 11 17 41 23 
3 6 11 17 42 18 
3 6 11 17 42 19 
3 6 11 17 42 20 
3 6 11 17 42 21 
3 6 11 17 42 22 
3 6 11 17 42 23 
3 6 11 19 40 17 
3 6 11 19 40 18 
3 6 11 19 40 20 
3 6 11 19 40 21 
3 6 11 19 40 22 
3 6 11 19 40 23 
3 6 11 19 41 17 
3 6 11 19 41 18 
3 6 11 19 41 20 
3 6 11 19 41 21 
3 6 11 19 41 22 
3 6 11 19 41 23 
3 6 11 19 42 17 
3 6 11 19 42 18 
3 6 11 19 42 20 
3 6 11 19 42 21 
3 6 11 19 42 22 
3 6 11 19 42 23 
3 6 11 20 40 17 
3 6 11 20 40 18 
3 6 11 20 40 19 
3 6 11 20 40 21 
3 6 11 20 40 22 
3 6 11 20 40 23 
3 6 11 20 41 17 
3 6 11 20 41 18 
3 6 11 20 41 19 
3 6 11 20 41 21 
3 6 11 20 41 22 
3 6 11 20 41 23 
3 6 11 20 42 17 
3 6 11 20 42 18 
3 6 11 20 42 19 
3 6 11 20 42 21 
3 6 11 20 42 22 
3 6 11 20 42 23 
3 6 11 23 40 17 
3 6 11 23 40 18 
3 6 11 23 40 19 
3 6 11 23 40 20 
3 6 11 23 40 21 
3 6 11 23 40 22 
3 6 11 23 41 17 
3 6 11 23 41 18 
3 6 11 23 41 19 
3 6 11 23 41 20 
3 6 11 23 41 21 
3 6 11 23 41 22 
3 6 11 23 42 17 
3 6 11 23 42 18 
3 6 11 23 42 19 
3 6 11 23 42 20 
3 6 11 23 42 21 
3 6 11 23 42 22 
3 6 12 4 30 10 
3 6 12 4 30 11 
3 6 12 4 30 13 
3 6 12 4 30 14 
3 6 12 4 30 15 
3 6 12 4 30 16 
3 6 12 4 45 10 
3 6 12 4 45 11 
3 6 12 4 45 13 
3 6 12 4 45 14 
3 6 12 4 45 15 
3 6 12 4 45 16 
3 6 12 4 46 10 
3 6 12 4 46 11 
3 6 12 4 46 13 
3 6 12 4 46 14 
3 6 12 4 46 15 
3 6 12 4 46 16 
3 6 12 4 48 10 
3 6 12 4 48 11 
3 6 12 4 48 13 
3 6 12 4 48 14 
3 6 12 4 48 15 
3 6 12 4 48 16 
3 6 12 5 30 10 
3 6 12 5 30 11 
3 6 12 5 30 13 
3 6 12 5 30 14 
3 6 12 5 30 15 
3 6 12 5 30 16 
3 6 12 5 45 10 
3 6 12 5 45 11 
3 6 12 5 45 13 
3 6 12 5 45 14 
3 6 12 5 45 15 
3 6 12 5 45 16 
3 6 12 5 46 10 
3 6 12 5 46 11 
3 6 12 5 46 13 
3 6 12 5 46 14 
3 6 12 5 46 15 
3 6 12 5 46 16 
3 6 12 5 48 10 
3 6 12 5 48 11 
3 6 12 5 48 13 
3 6 12 5 48 14 
3 6 12 5 48 15 
3 6 12 5 48 16 
3 6 12 15 30 10 
3 6 12 15 30 11 
3 6 12 15 30 13 
3 6 12 15 30 14 
3 6 12 15 30 16 
3 6 12 15 45 10 
3 6 12 15 45 11 
3 6 12 15 45 13 
3 6 12 15 45 14 
3 6 12 15 45 16 
3 6 12 15 46 10 
3 6 12 15 46 11 
3 6 12 15 46 13 
3 6 12 15 46 14 
3 6 12 15 46 16 
3 6 12 15 48 10 
3 6 12 15 48 11 
3 6 12 15 48 13 
3 6 12 15 48 14 
3 6 12 15 48 16 
3 6 12 17 30 10 
3 6 12 17 30 11 
3 6 12 17 30 13 
3 6 12 17 30 14 
3 6 12 17 30 15 
3 6 12 17 30 16 
3 6 12 17 45 10 
3 6 12 17 45 11 
3 6 12 17 45 13 
3 6 12 17 45 14 
3 6 12 17 45 15 
3 6 12 17 45 16 
3 6 12 17 46 10 
3 6 12 17 46 11 
3 6 12 17 46 13 
3 6 12 17 46 14 
3 6 12 17 46 15 
3 6 12 17 46 16 
3 6 12 17 48 10 
3 6 12 17 48 11 
3 6 12 17 48 13 
3 6 12 17 48 14 
3 6 12 17 48 15 
3 6 12 17 48 16 
3 6 12 19 30 10 
3 6 12 19 30 11 
3 6 12 19 30 13 
3 6 12 19 30 14 
3 6 12 19 30 15 
3 6 12 19 30 16 
3 6 12 19 45 10 
3 6 12 19 45 11 
3 6 12 19 45 13 
3 6 12 19 45 14 
3 6 12 19 45 15 
3 6 12 19 45 16 
3 6 12 19 46 10 
3 6 12 19 46 11 
3 6 12 19 46 13 
3 6 12 19 46 14 
3 6 12 19 46 15 
3 6 12 19 46 16 
3 6 12 19 48 10 
3 6 12 19 48 11 
3 6 12 19 48 13 
3 6 12 19 48 14 
3 6 12 19 48 15 
3 6 12 19 48 16 
3 6 12 20 30 10 
3 6 12 20 30 11 
3 6 12 20 30 13 
3 6 12 20 30 14 
3 6 12 20 30 15 
3 6 12 20 30 16 
3 6 12 20 45 10 
3 6 12 20 45 11 
3 6 12 20 45 13 
3 6 12 20 45 14 
3 6 12 20 45 15 
3 6 12 20 45 16 
3 6 12 20 46 10 
3 6 12 20 46 11 
3 6 12 20 46 13 
3 6 12 20 46 14 
3 6 12 20 46 15 
3 6 12 20 46 16 
3 6 12 20 48 10 
3 6 12 20 48 11 
3 6 12 20 48 13 
3 6 12 20 48 14 
3 6 12 20 48 15 
3 6 12 20 48 16 
3 6 12 23 30 10 
3 6 12 23 30 11 
3 6 12 23 30 13 
3 6 12 23 30 14 
3 6 12 23 30 15 
3 6 12 23 30 16 
3 6 12 23 45 10 
3 6 12 23 45 11 
3 6 12 23 45 13 
3 6 12 23 45 14 
3 6 12 23 45 15 
3 6 12 23 45 16 
3 6 12 23 46 10 
3 6 12 23 46 11 
3 6 12 23 46 13 
3 6 12 23 46 14 
3 6 12 23 46 15 
3 6 12 23 46 16 
3 6 12 23 48 10 
3 6 12 23 48 11 
3 6 12 23 48 13 
3 6 12 23 48 14 
3 6 12 23 48 15 
3 6 12 23 48 16 
3 6 13 4 31 10 
3 6 13 4 31 11 
3 6 13 4 31 12 
3 6 13 4 31 14 
3 6 13 4 31 15 
3 6 13 4 31 16 
3 6 13 4 41 10 
3 6 13 4 41 11 
3 6 13 4 41 12 
3 6 13 4 41 14 
3 6 13 4 41 15 
3 6 13 4 41 16 
3 6 13 4 44 10 
3 6 13 4 44 11 
3 6 13 4 44 12 
3 6 13 4 44 14 
3 6 13 4 44 15 
3 6 13 4 44 16 
3 6 13 5 31 10 
3 6 13 5 31 11 
3 6 13 5 31 12 
3 6 13 5 31 14 
3 6 13 5 31 15 
3 6 13 5 31 16 
3 6 13 5 41 10 
3 6 13 5 41 11 
3 6 13 5 41 12 
3 6 13 5 41 14 
3 6 13 5 41 15 
3 6 13 5 41 16 
3 6 13 5 44 10 
3 6 13 5 44 11 
3 6 13 5 44 12 
3 6 13 5 44 14 
3 6 13 5 44 15 
3 6 13 5 44 16 
3 6 13 15 31 10 
3 6 13 15 31 11 
3 6 13 15 31 12 
3 6 13 15 31 14 
3 6 13 15 31 16 
3 6 13 15 41 10 
3 6 13 15 41 11 
3 6 13 15 41 12 
3 6 13 15 41 14 
3 6 13 15 41 16 
3 6 13 15 44 10 
3 6 13 15 44 11 
3 6 13 15 44 12 
3 6 13 15 44 14 
3 6 13 15 44 16 
3 6 13 17 31 10 
3 6 13 17 31 11 
3 6 13 17 31 12 
3 6 13 17 31 14 
3 6 13 17 31 15 
3 6 13 17 31 16 
3 6 13 17 41 10 
3 6 13 17 41 11 
3 6 13 17 41 12 
3 6 13 17 41 14 
3 6 13 17 41 15 
3 6 13 17 41 16 
3 6 13 17 44 10 
3 6 13 17 44 11 
3 6 13 17 44 12 
3 6 13 17 44 14 
3 6 13 17 44 15 
3 6 13 17 44 16 
3 6 13 19 31 10 
3 6 13 19 31 11 
3 6 13 19 31 12 
3 6 13 19 31 14 
3 6 13 19 31 15 
3 6 13 19 31 16 
3 6 13 19 41 10 
3 6 13 19 41 11 
3 6 13 19 41 12 
3 6 13 19 41 14 
3 6 13 19 41 15 
3 6 13 19 41 16 
3 6 13 19 44 10 
3 6 13 19 44 11 
3 6 13 19 44 12 
3 6 13 19 44 14 
3 6 13 19 44 15 
3 6 13 19 44 16 
3 6 13 20 31 10 
3 6 13 20 31 11 
3 6 13 20 31 12 
3 6 13 20 31 14 
3 6 13 20 31 15 
3 6 13 20 31 16 
3 6 13 20 41 10 
3 6 13 20 41 11 
3 6 13 20 41 12 
3 6 13 20 41 14 
3 6 13 20 41 15 
3 6 13 20 41 16 
3 6 13 20 44 10 
3 6 13 20 44 11 
3 6 13 20 44 12 
3 6 13 20 44 14 
3 6 13 20 44 15 
3 6 13 20 44 16 
3 6 13 23 31 10 
3 6 13 23 31 11 
3 6 13 23 31 12 
3 6 13 23 31 14 
3 6 13 23 31 15 
3 6 13 23 31 16 
3 6 13 23 41 10 
3 6 13 23 41 11 
3 6 13 23 41 12 
3 6 13 23 41 14 
3 6 13 23 41 15 
3 6 13 23 41 16 
3 6 13 23 44 10 
3 6 13 23 44 11 
3 6 13 23 44 12 
3 6 13 23 44 14 
3 6 13 23 44 15 
3 6 13 23 44 16 
3 6 14 4 31 17 
3 6 14 4 31 18 
3 6 14 4 31 19 
3 6 14 4 31 20 
3 6 14 4 31 21 
3 6 14 4 31 22 
3 6 14 4 31 23 
3 6 14 4 41 17 
3 6 14 4 41 18 
3 6 14 4 41 19 
3 6 14 4 41 20 
3 6 14 4 41 21 
3 6 14 4 41 22 
3 6 14 4 41 23 
3 6 14 4 44 17 
3 6 14 4 44 18 
3 6 14 4 44 19 
3 6 14 4 44 20 
3 6 14 4 44 21 
3 6 14 4 44 22 
3 6 14 4 44 23 
3 6 14 5 31 17 
3 6 14 5 31 18 
3 6 14 5 31 19 
3 6 14 5 31 20 
3 6 14 5 31 21 
3 6 14 5 31 22 
3 6 14 5 31 23 
3 6 14 5 41 17 
3 6 14 5 41 18 
3 6 14 5 41 19 
3 6 14 5 41 20 
3 6 14 5 41 21 
3 6 14 5 41 22 
3 6 14 5 41 23 
3 6 14 5 44 17 
3 6 14 5 44 18 
3 6 14 5 44 19 
3 6 14 5 44 20 
3 6 14 5 44 21 
3 6 14 5 44 22 
3 6 14 5 44 23 
3 6 14 15 31 17 
3 6 14 15 31 18 
3 6 14 15 31 19 
3 6 14 15 31 20 
3 6 14 15 31 21 
3 6 14 15 31 22 
3 6 14 15 31 23 
3 6 14 15 41 17 
3 6 14 15 41 18 
3 6 14 15 41 19 
3 6 14 15 41 20 
3 6 14 15 41 21 
3 6 14 15 41 22 
3 6 14 15 41 23 
3 6 14 15 44 17 
3 6 14 15 44 18 
3 6 14 15 44 19 
3 6 14 15 44 20 
3 6 14 15 44 21 
3 6 14 15 44 22 
3 6 14 15 44 23 
3 6 14 17 31 18 
3 6 14 17 31 19 
3 6 14 17 31 20 
3 6 14 17 31 21 
3 6 14 17 31 22 
3 6 14 17 31 23 
3 6 14 17 41 18 
3 6 14 17 41 19 
3 6 14 17 41 20 
3 6 14 17 41 21 
3 6 14 17 41 22 
3 6 14 17 41 23 
3 6 14 17 44 18 
3 6 14 17 44 19 
3 6 14 17 44 20 
3 6 14 17 44 21 
3 6 14 17 44 22 
3 6 14 17 44 23 
3 6 14 19 31 17 
3 6 14 19 31 18 
3 6 14 19 31 20 
3 6 14 19 31 21 
3 6 14 19 31 22 
3 6 14 19 31 23 
3 6 14 19 41 17 
3 6 14 19 41 18 
3 6 14 19 41 20 
3 6 14 19 41 21 
3 6 14 19 41 22 
3 6 14 19 41 23 
3 6 14 19 44 17 
3 6 14 19 44 18 
3 6 14 19 44 20 
3 6 14 19 44 21 
3 6 14 19 44 22 
3 6 14 19 44 23 
3 6 14 20 31 17 
3 6 14 20 31 18 
3 6 14 20 31 19 
3 6 14 20 31 21 
3 6 14 20 31 22 
3 6 14 20 31 23 
3 6 14 20 41 17 
3 6 14 20 41 18 
3 6 14 20 41 19 
3 6 14 20 41 21 
3 6 14 20 41 22 
3 6 14 20 41 23 
3 6 14 20 44 17 
3 6 14 20 44 18 
3 6 14 20 44 19 
3 6 14 20 44 21 
3 6 14 20 44 22 
3 6 14 20 44 23 
3 6 14 23 31 17 
3 6 14 23 31 18 
3 6 14 23 31 19 
3 6 14 23 31 20 
3 6 14 23 31 21 
3 6 14 23 31 22 
3 6 14 23 41 17 
3 6 14 23 41 18 
3 6 14 23 41 19 
3 6 14 23 41 20 
3 6 14 23 41 21 
3 6 14 23 41 22 
3 6 14 23 44 17 
3 6 14 23 44 18 
3 6 14 23 44 19 
3 6 14 23 44 20 
3 6 14 23 44 21 
3 6 14 23 44 22 
3 6 15 4 34 5 
3 6 15 4 34 7 
3 6 15 4 34 8 
3 6 15 4 34 9 
3 6 15 4 35 5 
3 6 15 4 35 7 
3 6 15 4 35 8 
3 6 15 4 35 9 
3 6 15 4 37 5 
3 6 15 4 37 7 
3 6 15 4 37 8 
3 6 15 4 37 9 
3 6 15 4 47 5 
3 6 15 4 47 7 
3 6 15 4 47 8 
3 6 15 4 47 9 
3 6 15 5 34 4 
3 6 15 5 34 7 
3 6 15 5 34 8 
3 6 15 5 34 9 
3 6 15 5 35 4 
3 6 15 5 35 7 
3 6 15 5 35 8 
3 6 15 5 35 9 
3 6 15 5 37 4 
3 6 15 5 37 7 
3 6 15 5 37 8 
3 6 15 5 37 9 
3 6 15 5 47 4 
3 6 15 5 47 7 
3 6 15 5 47 8 
3 6 15 5 47 9 
3 6 15 17 34 4 
3 6 15 17 34 5 
3 6 15 17 34 7 
3 6 15 17 34 8 
3 6 15 17 34 9 
3 6 15 17 35 4 
3 6 15 17 35 5 
3 6 15 17 35 7 
3 6 15 17 35 8 
3 6 15 17 35 9 
3 6 15 17 37 4 
3 6 15 17 37 5 
3 6 15 17 37 7 
3 6 15 17 37 8 
3 6 15 17 37 9 
3 6 15 17 47 4 
3 6 15 17 47 5 
3 6 15 17 47 7 
3 6 15 17 47 8 
3 6 15 17 47 9 
3 6 15 19 34 4 
3 6 15 19 34 5 
3 6 15 19 34 7 
3 6 15 19 34 8 
3 6 15 19 34 9 
3 6 15 19 35 4 
3 6 15 19 35 5 
3 6 15 19 35 7 
3 6 15 19 35 8 
3 6 15 19 35 9 
3 6 15 19 37 4 
3 6 15 19 37 5 
3 6 15 19 37 7 
3 6 15 19 37 8 
3 6 15 19 37 9 
3 6 15 19 47 4 
3 6 15 19 47 5 
3 6 15 19 47 7 
3 6 15 19 47 8 
3 6 15 19 47 9 
3 6 15 20 34 4 
3 6 15 20 34 5 
3 6 15 20 34 7 
3 6 15 20 34 8 
3 6 15 20 34 9 
3 6 15 20 35 4 
3 6 15 20 35 5 
3 6 15 20 35 7 
3 6 15 20 35 8 
3 6 15 20 35 9 
3 6 15 20 37 4 
3 6 15 20 37 5 
3 6 15 20 37 7 
3 6 15 20 37 8 
3 6 15 20 37 9 
3 6 15 20 47 4 
3 6 15 20 47 5 
3 6 15 20 47 7 
3 6 15 20 47 8 
3 6 15 20 47 9 
3 6 15 23 34 4 
3 6 15 23 34 5 
3 6 15 23 34 7 
3 6 15 23 34 8 
3 6 15 23 34 9 
3 6 15 23 35 4 
3 6 15 23 35 5 
3 6 15 23 35 7 
3 6 15 23 35 8 
3 6 15 23 35 9 
3 6 15 23 37 4 
3 6 15 23 37 5 
3 6 15 23 37 7 
3 6 15 23 37 8 
3 6 15 23 37 9 
3 6 15 23 47 4 
3 6 15 23 47 5 
3 6 15 23 47 7 
3 6 15 23 47 8 
3 6 15 23 47 9 
3 6 16 4 34 17 
3 6 16 4 34 18 
3 6 16 4 34 19 
3 6 16 4 34 20 
3 6 16 4 34 21 
3 6 16 4 34 22 
3 6 16 4 34 23 
3 6 16 4 35 17 
3 6 16 4 35 18 
3 6 16 4 35 19 
3 6 16 4 35 20 
3 6 16 4 35 21 
3 6 16 4 35 22 
3 6 16 4 35 23 
3 6 16 4 37 17 
3 6 16 4 37 18 
3 6 16 4 37 19 
3 6 16 4 37 20 
3 6 16 4 37 21 
3 6 16 4 37 22 
3 6 16 4 37 23 
3 6 16 4 47 17 
3 6 16 4 47 18 
3 6 16 4 47 19 
3 6 16 4 47 20 
3 6 16 4 47 21 
3 6 16 4 47 22 
3 6 16 4 47 23 
3 6 16 5 34 17 
3 6 16 5 34 18 
3 6 16 5 34 19 
3 6 16 5 34 20 
3 6 16 5 34 21 
3 6 16 5 34 22 
3 6 16 5 34 23 
3 6 16 5 35 17 
3 6 16 5 35 18 
3 6 16 5 35 19 
3 6 16 5 35 20 
3 6 16 5 35 21 
3 6 16 5 35 22 
3 6 16 5 35 23 
3 6 16 5 37 17 
3 6 16 5 37 18 
3 6 16 5 37 19 
3 6 16 5 37 20 
3 6 16 5 37 21 
3 6 16 5 37 22 
3 6 16 5 37 23 
3 6 16 5 47 17 
3 6 16 5 47 18 
3 6 16 5 47 19 
3 6 16 5 47 20 
3 6 16 5 47 21 
3 6 16 5 47 22 
3 6 16 5 47 23 
3 6 16 15 34 17 
3 6 16 15 34 18 
3 6 16 15 34 19 
3 6 16 15 34 20 
3 6 16 15 34 21 
3 6 16 15 34 22 
3 6 16 15 34 23 
3 6 16 15 35 17 
3 6 16 15 35 18 
3 6 16 15 35 19 
3 6 16 15 35 20 
3 6 16 15 35 21 
3 6 16 15 35 22 
3 6 16 15 35 23 
3 6 16 15 37 17 
3 6 16 15 37 18 
3 6 16 15 37 19 
3 6 16 15 37 20 
3 6 16 15 37 21 
3 6 16 15 37 22 
3 6 16 15 37 23 
3 6 16 15 47 17 
3 6 16 15 47 18 
3 6 16 15 47 19 
3 6 16 15 47 20 
3 6 16 15 47 21 
3 6 16 15 47 22 
3 6 16 15 47 23 
3 6 16 17 34 18 
3 6 16 17 34 19 
3 6 16 17 34 20 
3 6 16 17 34 21 
3 6 16 17 34 22 
3 6 16 17 34 23 
3 6 16 17 35 18 
3 6 16 17 35 19 
3 6 16 17 35 20 
3 6 16 17 35 21 
3 6 16 17 35 22 
3 6 16 17 35 23 
3 6 16 17 37 18 
3 6 16 17 37 19 
3 6 16 17 37 20 
3 6 16 17 37 21 
3 6 16 17 37 22 
3 6 16 17 37 23 
3 6 16 17 47 18 
3 6 16 17 47 19 
3 6 16 17 47 20 
3 6 16 17 47 21 
3 6 16 17 47 22 
3 6 16 17 47 23 
3 6 16 19 34 17 
3 6 16 19 34 18 
3 6 16 19 34 20 
3 6 16 19 34 21 
3 6 16 19 34 22 
3 6 16 19 34 23 
3 6 16 19 35 17 
3 6 16 19 35 18 
3 6 16 19 35 20 
3 6 16 19 35 21 
3 6 16 19 35 22 
3 6 16 19 35 23 
3 6 16 19 37 17 
3 6 16 19 37 18 
3 6 16 19 37 20 
3 6 16 19 37 21 
3 6 16 19 37 22 
3 6 16 19 37 23 
3 6 16 19 47 17 
3 6 16 19 47 18 
3 6 16 19 47 20 
3 6 16 19 47 21 
3 6 16 19 47 22 
3 6 16 19 47 23 
3 6 16 20 34 17 
3 6 16 20 34 18 
3 6 16 20 34 19 
3 6 16 20 34 21 
3 6 16 20 34 22 
3 6 16 20 34 23 
3 6 16 20 35 17 
3 6 16 20 35 18 
3 6 16 20 35 19 
3 6 16 20 35 21 
3 6 16 20 35 22 
3 6 16 20 35 23 
3 6 16 20 37 17 
3 6 16 20 37 18 
3 6 16 20 37 19 
3 6 16 20 37 21 
3 6 16 20 37 22 
3 6 16 20 37 23 
3 6 16 20 47 17 
3 6 16 20 47 18 
3 6 16 20 47 19 
3 6 16 20 47 21 
3 6 16 20 47 22 
3 6 16 20 47 23 
3 6 16 23 34 17 
3 6 16 23 34 18 
3 6 16 23 34 19 
3 6 16 23 34 20 
3 6 16 23 34 21 
3 6 16 23 34 22 
3 6 16 23 35 17 
3 6 16 23 35 18 
3 6 16 23 35 19 
3 6 16 23 35 20 
3 6 16 23 35 21 
3 6 16 23 35 22 
3 6 16 23 37 17 
3 6 16 23 37 18 
3 6 16 23 37 19 
3 6 16 23 37 20 
3 6 16 23 37 21 
3 6 16 23 37 22 
3 6 16 23 47 17 
3 6 16 23 47 18 
3 6 16 23 47 19 
3 6 16 23 47 20 
3 6 16 23 47 21 
3 6 16 23 47 22 
3 9 10 4 31 11 
3 9 10 4 31 12 
3 9 10 4 31 13 
3 9 10 4 31 14 
3 9 10 4 31 15 
3 9 10 4 31 16 
3 9 10 4 32 11 
3 9 10 4 32 12 
3 9 10 4 32 13 
3 9 10 4 32 14 
3 9 10 4 32 15 
3 9 10 4 32 16 
3 9 10 4 33 11 
3 9 10 4 33 12 
3 9 10 4 33 13 
3 9 10 4 33 14 
3 9 10 4 33 15 
3 9 10 4 33 16 
3 9 10 4 34 11 
3 9 10 4 34 12 
3 9 10 4 34 13 
3 9 10 4 34 14 
3 9 10 4 34 15 
3 9 10 4 34 16 
3 9 10 5 31 11 
3 9 10 5 31 12 
3 9 10 5 31 13 
3 9 10 5 31 14 
3 9 10 5 31 15 
3 9 10 5 31 16 
3 9 10 5 32 11 
3 9 10 5 32 12 
3 9 10 5 32 13 
3 9 10 5 32 14 
3 9 10 5 32 15 
3 9 10 5 32 16 
3 9 10 5 33 11 
3 9 10 5 33 12 
3 9 10 5 33 13 
3 9 10 5 33 14 
3 9 10 5 33 15 
3 9 10 5 33 16 
3 9 10 5 34 11 
3 9 10 5 34 12 
3 9 10 5 34 13 
3 9 10 5 34 14 
3 9 10 5 34 15 
3 9 10 5 34 16 
3 9 10 15 31 11 
3 9 10 15 31 12 
3 9 10 15 31 13 
3 9 10 15 31 14 
3 9 10 15 31 16 
3 9 10 15 32 11 
3 9 10 15 32 12 
3 9 10 15 32 13 
3 9 10 15 32 14 
3 9 10 15 32 16 
3 9 10 15 33 11 
3 9 10 15 33 12 
3 9 10 15 33 13 
3 9 10 15 33 14 
3 9 10 15 33 16 
3 9 10 15 34 11 
3 9 10 15 34 12 
3 9 10 15 34 13 
3 9 10 15 34 14 
3 9 10 15 34 16 
3 9 10 17 31 11 
3 9 10 17 31 12 
3 9 10 17 31 13 
3 9 10 17 31 14 
3 9 10 17 31 15 
3 9 10 17 31 16 
3 9 10 17 32 11 
3 9 10 17 32 12 
3 9 10 17 32 13 
3 9 10 17 32 14 
3 9 10 17 32 15 
3 9 10 17 32 16 
3 9 10 17 33 11 
3 9 10 17 33 12 
3 9 10 17 33 13 
3 9 10 17 33 14 
3 9 10 17 33 15 
3 9 10 17 33 16 
3 9 10 17 34 11 
3 9 10 17 34 12 
3 9 10 17 34 13 
3 9 10 17 34 14 
3 9 10 17 34 15 
3 9 10 17 34 16 
3 9 10 19 31 11 
3 9 10 19 31 12 
3 9 10 19 31 13 
3 9 10 19 31 14 
3 9 10 19 31 15 
3 9 10 19 31 16 
3 9 10 19 32 11 
3 9 10 19 32 12 
3 9 10 19 32 13 
3 9 10 19 32 14 
3 9 10 19 32 15 
3 9 10 19 32 16 
3 9 10 19 33 11 
3 9 10 19 33 12 
3 9 10 19 33 13 
3 9 10 19 33 14 
3 9 10 19 33 15 
3 9 10 19 33 16 
3 9 10 19 34 11 
3 9 10 19 34 12 
3 9 10 19 34 13 
3 9 10 19 34 14 
3 9 10 19 34 15 
3 9 10 19 34 16 
3 9 10 20 31 11 
3 9 10 20 31 12 
3 9 10 20 31 13 
3 9 10 20 31 14 
3 9 10 20 31 15 
3 9 10 20 31 16 
3 9 10 20 32 11 
3 9 10 20 32 12 
3 9 10 20 32 13 
3 9 10 20 32 14 
3 9 10 20 32 15 
3 9 10 20 32 16 
3 9 10 20 33 11 
3 9 10 20 33 12 
3 9 10 20 33 13 
3 9 10 20 33 14 
3 9 10 20 33 15 
3 9 10 20 33 16 
3 9 10 20 34 11 
3 9 10 20 34 12 
3 9 10 20 34 13 
3 9 10 20 34 14 
3 9 10 20 34 15 
3 9 10 20 34 16 
3 9 10 23 31 11 
3 9 10 23 31 12 
3 9 10 23 31 13 
3 9 10 23 31 14 
3 9 10 23 31 15 
3 9 10 23 31 16 
3 9 10 23 32 11 
3 9 10 23 32 12 
3 9 10 23 32 13 
3 9 10 23 32 14 
3 9 10 23 32 15 
3 9 10 23 32 16 
3 9 10 23 33 11 
3 9 10 23 33 12 
3 9 10 23 33 13 
3 9 10 23 33 14 
3 9 10 23 33 15 
3 9 10 23 33 16 
3 9 10 23 34 11 
3 9 10 23 34 12 
3 9 10 23 34 13 
3 9 10 23 34 14 
3 9 10 23 34 15 
3 9 10 23 34 16 
3 9 11 4 24 17 
3 9 11 4 24 18 
3 9 11 4 24 19 
3 9 11 4 24 20 
3 9 11 4 24 21 
3 9 11 4 24 22 
3 9 11 4 24 23 
3 9 11 4 28 17 
3 9 11 4 28 18 
3 9 11 4 28 19 
3 9 11 4 28 20 
3 9 11 4 28 21 
3 9 11 4 28 22 
3 9 11 4 28 23 
3 9 11 4 38 17 
3 9 11 4 38 18 
3 9 11 4 38 19 
3 9 11 4 38 20 
3 9 11 4 38 21 
3 9 11 4 38 22 
3 9 11 4 38 23 
3 9 11 5 24 17 
3 9 11 5 24 18 
3 9 11 5 24 19 
3 9 11 5 24 20 
3 9 11 5 24 21 
3 9 11 5 24 22 
3 9 11 5 24 23 
3 9 11 5 28 17 
3 9 11 5 28 18 
3 9 11 5 28 19 
3 9 11 5 28 20 
3 9 11 5 28 21 
3 9 11 5 28 22 
3 9 11 5 28 23 
3 9 11 5 38 17 
3 9 11 5 38 18 
3 9 11 5 38 19 
3 9 11 5 38 20 
3 9 11 5 38 21 
3 9 11 5 38 22 
3 9 11 5 38 23 
3 9 11 15 24 17 
3 9 11 15 24 18 
3 9 11 15 24 19 
3 9 11 15 24 20 
3 9 11 15 24 21 
3 9 11 15 24 22 
3 9 11 15 24 23 
3 9 11 15 28 17 
3 9 11 15 28 18 
3 9 11 15 28 19 
3 9 11 15 28 20 
3 9 11 15 28 21 
3 9 11 15 28 22 
3 9 11 15 28 23 
3 9 11 15 38 17 
3 9 11 15 38 18 
3 9 11 15 38 19 
3 9 11 15 38 20 
3 9 11 15 38 21 
3 9 11 15 38 22 
3 9 11 15 38 23 
3 9 11 17 24 18 
3 9 11 17 24 19 
3 9 11 17 24 20 
3 9 11 17 24 21 
3 9 11 17 24 22 
3 9 11 17 24 23 
3 9 11 17 28 18 
3 9 11 17 28 19 
3 9 11 17 28 20 
3 9 11 17 28 21 
3 9 11 17 28 22 
3 9 11 17 28 23 
3 9 11 17 38 18 
3 9 11 17 38 19 
3 9 11 17 38 20 
3 9 11 17 38 21 
3 9 11 17 38 22 
3 9 11 17 38 23 
3 9 11 19 24 17 
3 9 11 19 24 18 
3 9 11 19 24 20 
3 9 11 19 24 21 
3 9 11 19 24 22 
3 9 11 19 24 23 
3 9 11 19 28 17 
3 9 11 19 28 18 
3 9 11 19 28 20 
3 9 11 19 28 21 
3 9 11 19 28 22 
3 9 11 19 28 23 
3 9 11 19 38 17 
3 9 11 19 38 18 
3 9 11 19 38 20 
3 9 11 19 38 21 
3 9 11 19 38 22 
3 9 11 19 38 23 
3 9 11 20 24 17 
3 9 11 20 24 18 
3 9 11 20 24 19 
3 9 11 20 24 21 
3 9 11 20 24 22 
3 9 11 20 24 23 
3 9 11 20 28 17 
3 9 11 20 28 18 
3 9 11 20 28 19 
3 9 11 20 28 21 
3 9 11 20 28 22 
3 9 11 20 28 23 
3 9 11 20 38 17 
3 9 11 20 38 18 
3 9 11 20 38 19 
3 9 11 20 38 21 
3 9 11 20 38 22 
3 9 11 20 38 23 
3 9 11 23 24 17 
3 9 11 23 24 18 
3 9 11 23 24 19 
3 9 11 23 24 20 
3 9 11 23 24 21 
3 9 11 23 24 22 
3 9 11 23 28 17 
3 9 11 23 28 18 
3 9 11 23 28 19 
3 9 11 23 28 20 
3 9 11 23 28 21 
3 9 11 23 28 22 
3 9 11 23 38 17 
3 9 11 23 38 18 
3 9 11 23 38 19 
3 9 11 23 38 20 
3 9 11 23 38 21 
3 9 11 23 38 22 
3 9 13 4 46 10 
3 9 13 4 46 11 
3 9 13 4 46 12 
3 9 13 4 46 14 
3 9 13 4 46 15 
3 9 13 4 46 16 
3 9 13 5 46 10 
3 9 13 5 46 11 
3 9 13 5 46 12 
3 9 13 5 46 14 
3 9 13 5 46 15 
3 9 13 5 46 16 
3 9 13 15 46 10 
3 9 13 15 46 11 
3 9 13 15 46 12 
3 9 13 15 46 14 
3 9 13 15 46 16 
3 9 13 17 46 10 
3 9 13 17 46 11 
3 9 13 17 46 12 
3 9 13 17 46 14 
3 9 13 17 46 15 
3 9 13 17 46 16 
3 9 13 19 46 10 
3 9 13 19 46 11 
3 9 13 19 46 12 
3 9 13 19 46 14 
3 9 13 19 46 15 
3 9 13 19 46 16 
3 9 13 20 46 10 
3 9 13 20 46 11 
3 9 13 20 46 12 
3 9 13 20 46 14 
3 9 13 20 46 15 
3 9 13 20 46 16 
3 9 13 23 46 10 
3 9 13 23 46 11 
3 9 13 23 46 12 
3 9 13 23 46 14 
3 9 13 23 46 15 
3 9 13 23 46 16 
3 9 14 4 46 17 
3 9 14 4 46 18 
3 9 14 4 46 19 
3 9 14 4 46 20 
3 9 14 4 46 21 
3 9 14 4 46 22 
3 9 14 4 46 23 
3 9 14 5 46 17 
3 9 14 5 46 18 
3 9 14 5 46 19 
3 9 14 5 46 20 
3 9 14 5 46 21 
3 9 14 5 46 22 
3 9 14 5 46 23 
3 9 14 15 46 17 
3 9 14 15 46 18 
3 9 14 15 46 19 
3 9 14 15 46 20 
3 9 14 15 46 21 
3 9 14 15 46 22 
3 9 14 15 46 23 
3 9 14 17 46 18 
3 9 14 17 46 19 
3 9 14 17 46 20 
3 9 14 17 46 21 
3 9 14 17 46 22 
3 9 14 17 46 23 
3 9 14 19 46 17 
3 9 14 19 46 18 
3 9 14 19 46 20 
3 9 14 19 46 21 
3 9 14 19 46 22 
3 9 14 19 46 23 
3 9 14 20 46 17 
3 9 14 20 46 18 
3 9 14 20 46 19 
3 9 14 20 46 21 
3 9 14 20 46 22 
3 9 14 20 46 23 
3 9 14 23 46 17 
3 9 14 23 46 18 
3 9 14 23 46 19 
3 9 14 23 46 20 
3 9 14 23 46 21 
3 9 14 23 46 22 
3 9 15 4 36 5 
3 9 15 4 36 6 
3 9 15 4 36 7 
3 9 15 4 36 8 
3 9 15 4 44 5 
3 9 15 4 44 6 
3 9 15 4 44 7 
3 9 15 4 44 8 
3 9 15 4 47 5 
3 9 15 4 47 6 
3 9 15 4 47 7 
3 9 15 4 47 8 
3 9 15 5 36 4 
3 9 15 5 36 6 
3 9 15 5 36 7 
3 9 15 5 36 8 
3 9 15 5 44 4 
3 9 15 5 44 6 
3 9 15 5 44 7 
3 9 15 5 44 8 
3 9 15 5 47 4 
3 9 15 5 47 6 
3 9 15 5 47 7 
3 9 15 5 47 8 
3 9 15 17 36 4 
3 9 15 17 36 5 
3 9 15 17 36 6 
3 9 15 17 36 7 
3 9 15 17 36 8 
3 9 15 17 44 4 
3 9 15 17 44 5 
3 9 15 17 44 6 
3 9 15 17 44 7 
3 9 15 17 44 8 
3 9 15 17 47 4 
3 9 15 17 47 5 
3 9 15 17 47 6 
3 9 15 17 47 7 
3 9 15 17 47 8 
3 9 15 19 36 4 
3 9 15 19 36 5 
3 9 15 19 36 6 
3 9 15 19 36 7 
3 9 15 19 36 8 
3 9 15 19 44 4 
3 9 15 19 44 5 
3 9 15 19 44 6 
3 9 15 19 44 7 
3 9 15 19 44 8 
3 9 15 19 47 4 
3 9 15 19 47 5 
3 9 15 19 47 6 
3 9 15 19 47 7 
3 9 15 19 47 8 
3 9 15 20 36 4 
3 9 15 20 36 5 
3 9 15 20 36 6 
3 9 15 20 36 7 
3 9 15 20 36 8 
3 9 15 20 44 4 
3 9 15 20 44 5 
3 9 15 20 44 6 
3 9 15 20 44 7 
3 9 15 20 44 8 
3 9 15 20 47 4 
3 9 15 20 47 5 
3 9 15 20 47 6 
3 9 15 20 47 7 
3 9 15 20 47 8 
3 9 15 23 36 4 
3 9 15 23 36 5 
3 9 15 23 36 6 
3 9 15 23 36 7 
3 9 15 23 36 8 
3 9 15 23 44 4 
3 9 15 23 44 5 
3 9 15 23 44 6 
3 9 15 23 44 7 
3 9 15 23 44 8 
3 9 15 23 47 4 
3 9 15 23 47 5 
3 9 15 23 47 6 
3 9 15 23 47 7 
3 9 15 23 47 8 
3 9 16 4 36 17 
3 9 16 4 36 18 
3 9 16 4 36 19 
3 9 16 4 36 20 
3 9 16 4 36 21 
3 9 16 4 36 22 
3 9 16 4 36 23 
3 9 16 4 44 17 
3 9 16 4 44 18 
3 9 16 4 44 19 
3 9 16 4 44 20 
3 9 16 4 44 21 
3 9 16 4 44 22 
3 9 16 4 44 23 
3 9 16 4 47 17 
3 9 16 4 47 18 
3 9 16 4 47 19 
3 9 16 4 47 20 
3 9 16 4 47 21 
3 9 16 4 47 22 
3 9 16 4 47 23 
3 9 16 5 36 17 
3 9 16 5 36 18 
3 9 16 5 36 19 
3 9 16 5 36 20 
3 9 16 5 36 21 
3 9 16 5 36 22 
3 9 16 5 36 23 
3 9 16 5 44 17 
3 9 16 5 44 18 
3 9 16 5 44 19 
3 9 16 5 44 20 
3 9 16 5 44 21 
3 9 16 5 44 22 
3 9 16 5 44 23 
3 9 16 5 47 17 
3 9 16 5 47 18 
3 9 16 5 47 19 
3 9 16 5 47 20 
3 9 16 5 47 21 
3 9 16 5 47 22 
3 9 16 5 47 23 
3 9 16 15 36 17 
3 9 16 15 36 18 
3 9 16 15 36 19 
3 9 16 15 36 20 
3 9 16 15 36 21 
3 9 16 15 36 22 
3 9 16 15 36 23 
3 9 16 15 44 17 
3 9 16 15 44 18 
3 9 16 15 44 19 
3 9 16 15 44 20 
3 9 16 15 44 21 
3 9 16 15 44 22 
3 9 16 15 44 23 
3 9 16 15 47 17 
3 9 16 15 47 18 
3 9 16 15 47 19 
3 9 16 15 47 20 
3 9 16 15 47 21 
3 9 16 15 47 22 
3 9 16 15 47 23 
3 9 16 17 36 18 
3 9 16 17 36 19 
3 9 16 17 36 20 
3 9 16 17 36 21 
3 9 16 17 36 22 
3 9 16 17 36 23 
3 9 16 17 44 18 
3 9 16 17 44 19 
3 9 16 17 44 20 
3 9 16 17 44 21 
3 9 16 17 44 22 
3 9 16 17 44 23 
3 9 16 17 47 18 
3 9 16 17 47 19 
3 9 16 17 47 20 
3 9 16 17 47 21 
3 9 16 17 47 22 
3 9 16 17 47 23 
3 9 16 19 36 17 
3 9 16 19 36 18 
3 9 16 19 36 20 
3 9 16 19 36 21 
3 9 16 19 36 22 
3 9 16 19 36 23 
3 9 16 19 44 17 
3 9 16 19 44 18 
3 9 16 19 44 20 
3 9 16 19 44 21 
3 9 16 19 44 22 
3 9 16 19 44 23 
3 9 16 19 47 17 
3 9 16 19 47 18 
3 9 16 19 47 20 
3 9 16 19 47 21 
3 9 16 19 47 22 
3 9 16 19 47 23 
3 9 16 20 36 17 
3 9 16 20 36 18 
3 9 16 20 36 19 
3 9 16 20 36 21 
3 9 16 20 36 22 
3 9 16 20 36 23 
3 9 16 20 44 17 
3 9 16 20 44 18 
3 9 16 20 44 19 
3 9 16 20 44 21 
3 9 16 20 44 22 
3 9 16 20 44 23 
3 9 16 20 47 17 
3 9 16 20 47 18 
3 9 16 20 47 19 
3 9 16 20 47 21 
3 9 16 20 47 22 
3 9 16 20 47 23 
3 9 16 23 36 17 
3 9 16 23 36 18 
3 9 16 23 36 19 
3 9 16 23 36 20 
3 9 16 23 36 21 
3 9 16 23 36 22 
3 9 16 23 44 17 
3 9 16 23 44 18 
3 9 16 23 44 19 
3 9 16 23 44 20 
3 9 16 23 44 21 
3 9 16 23 44 22 
3 9 16 23 47 17 
3 9 16 23 47 18 
3 9 16 23 47 19 
3 9 16 23 47 20 
3 9 16 23 47 21 
3 9 16 23 47 22 
3 11 10 7 24 12 
3 11 10 7 24 13 
3 11 10 7 24 14 
3 11 10 7 24 15 
3 11 10 7 24 16 
3 11 10 7 27 12 
3 11 10 7 27 13 
3 11 10 7 27 14 
3 11 10 7 27 15 
3 11 10 7 27 16 
3 11 10 7 28 12 
3 11 10 7 28 13 
3 11 10 7 28 14 
3 11 10 7 28 15 
3 11 10 7 28 16 
3 11 10 8 24 12 
3 11 10 8 24 13 
3 11 10 8 24 14 
3 11 10 8 24 15 
3 11 10 8 24 16 
3 11 10 8 27 12 
3 11 10 8 27 13 
3 11 10 8 27 14 
3 11 10 8 27 15 
3 11 10 8 27 16 
3 11 10 8 28 12 
3 11 10 8 28 13 
3 11 10 8 28 14 
3 11 10 8 28 15 
3 11 10 8 28 16 
3 11 10 12 24 13 
3 11 10 12 24 14 
3 11 10 12 24 15 
3 11 10 12 24 16 
3 11 10 12 27 13 
3 11 10 12 27 14 
3 11 10 12 27 15 
3 11 10 12 27 16 
3 11 10 12 28 13 
3 11 10 12 28 14 
3 11 10 12 28 15 
3 11 10 12 28 16 
3 11 10 13 24 12 
3 11 10 13 24 14 
3 11 10 13 24 15 
3 11 10 13 24 16 
3 11 10 13 27 12 
3 11 10 13 27 14 
3 11 10 13 27 15 
3 11 10 13 27 16 
3 11 10 13 28 12 
3 11 10 13 28 14 
3 11 10 13 28 15 
3 11 10 13 28 16 
3 11 10 18 24 12 
3 11 10 18 24 13 
3 11 10 18 24 14 
3 11 10 18 24 15 
3 11 10 18 24 16 
3 11 10 18 27 12 
3 11 10 18 27 13 
3 11 10 18 27 14 
3 11 10 18 27 15 
3 11 10 18 27 16 
3 11 10 18 28 12 
3 11 10 18 28 13 
3 11 10 18 28 14 
3 11 10 18 28 15 
3 11 10 18 28 16 
3 11 12 7 25 10 
3 11 12 7 25 13 
3 11 12 7 25 14 
3 11 12 7 25 15 
3 11 12 7 25 16 
3 11 12 7 38 10 
3 11 12 7 38 13 
3 11 12 7 38 14 
3 11 12 7 38 15 
3 11 12 7 38 16 
3 11 12 7 39 10 
3 11 12 7 39 13 
3 11 12 7 39 14 
3 11 12 7 39 15 
3 11 12 7 39 16 
3 11 12 7 40 10 
3 11 12 7 40 13 
3 11 12 7 40 14 
3 11 12 7 40 15 
3 11 12 7 40 16 
3 11 12 8 25 10 
3 11 12 8 25 13 
3 11 12 8 25 14 
3 11 12 8 25 15 
3 11 12 8 25 16 
3 11 12 8 38 10 
3 11 12 8 38 13 
3 11 12 8 38 14 
3 11 12 8 38 15 
3 11 12 8 38 16 
3 11 12 8 39 10 
3 11 12 8 39 13 
3 11 12 8 39 14 
3 11 12 8 39 15 
3 11 12 8 39 16 
3 11 12 8 40 10 
3 11 12 8 40 13 
3 11 12 8 40 14 
3 11 12 8 40 15 
3 11 12 8 40 16 
3 11 12 10 25 13 
3 11 12 10 25 14 
3 11 12 10 25 15 
3 11 12 10 25 16 
3 11 12 10 38 13 
3 11 12 10 38 14 
3 11 12 10 38 15 
3 11 12 10 38 16 
3 11 12 10 39 13 
3 11 12 10 39 14 
3 11 12 10 39 15 
3 11 12 10 39 16 
3 11 12 10 40 13 
3 11 12 10 40 14 
3 11 12 10 40 15 
3 11 12 10 40 16 
3 11 12 13 25 10 
3 11 12 13 25 14 
3 11 12 13 25 15 
3 11 12 13 25 16 
3 11 12 13 38 10 
3 11 12 13 38 14 
3 11 12 13 38 15 
3 11 12 13 38 16 
3 11 12 13 39 10 
3 11 12 13 39 14 
3 11 12 13 39 15 
3 11 12 13 39 16 
3 11 12 13 40 10 
3 11 12 13 40 14 
3 11 12 13 40 15 
3 11 12 13 40 16 
3 11 12 18 25 10 
3 11 12 18 25 13 
3 11 12 18 25 14 
3 11 12 18 25 15 
3 11 12 18 25 16 
3 11 12 18 38 10 
3 11 12 18 38 13 
3 11 12 18 38 14 
3 11 12 18 38 15 
3 11 12 18 38 16 
3 11 12 18 39 10 
3 11 12 18 39 13 
3 11 12 18 39 14 
3 11 12 18 39 15 
3 11 12 18 39 16 
3 11 12 18 40 10 
3 11 12 18 40 13 
3 11 12 18 40 14 
3 11 12 18 40 15 
3 11 12 18 40 16 
3 11 13 7 28 10 
3 11 13 7 28 12 
3 11 13 7 28 14 
3 11 13 7 28 15 
3 11 13 7 28 16 
3 11 13 7 36 10 
3 11 13 7 36 12 
3 11 13 7 36 14 
3 11 13 7 36 15 
3 11 13 7 36 16 
3 11 13 8 28 10 
3 11 13 8 28 12 
3 11 13 8 28 14 
3 11 13 8 28 15 
3 11 13 8 28 16 
3 11 13 8 36 10 
3 11 13 8 36 12 
3 11 13 8 36 14 
3 11 13 8 36 15 
3 11 13 8 36 16 
3 11 13 10 28 12 
3 11 13 10 28 14 
3 11 13 10 28 15 
3 11 13 10 28 16 
3 11 13 10 36 12 
3 11 13 10 36 14 
3 11 13 10 36 15 
3 11 13 10 36 16 
3 11 13 12 28 10 
3 11 13 12 28 14 
3 11 13 12 28 15 
3 11 13 12 28 16 
3 11 13 12 36 10 
3 11 13 12 36 14 
3 11 13 12 36 15 
3 11 13 12 36 16 
3 11 13 18 28 10 
3 11 13 18 28 12 
3 11 13 18 28 14 
3 11 13 18 28 15 
3 11 13 18 28 16 
3 11 13 18 36 10 
3 11 13 18 36 12 
3 11 13 18 36 14 
3 11 13 18 36 15 
3 11 13 18 36 16 
3 11 14 7 28 17 
3 11 14 7 28 18 
3 11 14 7 28 19 
3 11 14 7 28 20 
3 11 14 7 28 21 
3 11 14 7 28 22 
3 11 14 7 28 23 
3 11 14 7 36 17 
3 11 14 7 36 18 
3 11 14 7 36 19 
3 11 14 7 36 20 
3 11 14 7 36 21 
3 11 14 7 36 22 
3 11 14 7 36 23 
3 11 14 8 28 17 
3 11 14 8 28 18 
3 11 14 8 28 19 
3 11 14 8 28 20 
3 11 14 8 28 21 
3 11 14 8 28 22 
3 11 14 8 28 23 
3 11 14 8 36 17 
3 11 14 8 36 18 
3 11 14 8 36 19 
3 11 14 8 36 20 
3 11 14 8 36 21 
3 11 14 8 36 22 
3 11 14 8 36 23 
3 11 14 10 28 17 
3 11 14 10 28 18 
3 11 14 10 28 19 
3 11 14 10 28 20 
3 11 14 10 28 21 
3 11 14 10 28 22 
3 11 14 10 28 23 
3 11 14 10 36 17 
3 11 14 10 36 18 
3 11 14 10 36 19 
3 11 14 10 36 20 
3 11 14 10 36 21 
3 11 14 10 36 22 
3 11 14 10 36 23 
3 11 14 12 28 17 
3 11 14 12 28 18 
3 11 14 12 28 19 
3 11 14 12 28 20 
3 11 14 12 28 21 
3 11 14 12 28 22 
3 11 14 12 28 23 
3 11 14 12 36 17 
3 11 14 12 36 18 
3 11 14 12 36 19 
3 11 14 12 36 20 
3 11 14 12 36 21 
3 11 14 12 36 22 
3 11 14 12 36 23 
3 11 14 13 28 17 
3 11 14 13 28 18 
3 11 14 13 28 19 
3 11 14 13 28 20 
3 11 14 13 28 21 
3 11 14 13 28 22 
3 11 14 13 28 23 
3 11 14 13 36 17 
3 11 14 13 36 18 
3 11 14 13 36 19 
3 11 14 13 36 20 
3 11 14 13 36 21 
3 11 14 13 36 22 
3 11 14 13 36 23 
3 11 14 18 28 17 
3 11 14 18 28 19 
3 11 14 18 28 20 
3 11 14 18 28 21 
3 11 14 18 28 22 
3 11 14 18 28 23 
3 11 14 18 36 17 
3 11 14 18 36 19 
3 11 14 18 36 20 
3 11 14 18 36 21 
3 11 14 18 36 22 
3 11 14 18 36 23 
3 11 15 7 33 4 
3 11 15 7 33 5 
3 11 15 7 33 6 
3 11 15 7 33 8 
3 11 15 7 33 9 
3 11 15 7 42 4 
3 11 15 7 42 5 
3 11 15 7 42 6 
3 11 15 7 42 8 
3 11 15 7 42 9 
3 11 15 7 43 4 
3 11 15 7 43 5 
3 11 15 7 43 6 
3 11 15 7 43 8 
3 11 15 7 43 9 
3 11 15 8 33 4 
3 11 15 8 33 5 
3 11 15 8 33 6 
3 11 15 8 33 7 
3 11 15 8 33 9 
3 11 15 8 42 4 
3 11 15 8 42 5 
3 11 15 8 42 6 
3 11 15 8 42 7 
3 11 15 8 42 9 
3 11 15 8 43 4 
3 11 15 8 43 5 
3 11 15 8 43 6 
3 11 15 8 43 7 
3 11 15 8 43 9 
3 11 15 10 33 4 
3 11 15 10 33 5 
3 11 15 10 33 6 
3 11 15 10 33 7 
3 11 15 10 33 8 
3 11 15 10 33 9 
3 11 15 10 42 4 
3 11 15 10 42 5 
3 11 15 10 42 6 
3 11 15 10 42 7 
3 11 15 10 42 8 
3 11 15 10 42 9 
3 11 15 10 43 4 
3 11 15 10 43 5 
3 11 15 10 43 6 
3 11 15 10 43 7 
3 11 15 10 43 8 
3 11 15 10 43 9 
3 11 15 12 33 4 
3 11 15 12 33 5 
3 11 15 12 33 6 
3 11 15 12 33 7 
3 11 15 12 33 8 
3 11 15 12 33 9 
3 11 15 12 42 4 
3 11 15 12 42 5 
3 11 15 12 42 6 
3 11 15 12 42 7 
3 11 15 12 42 8 
3 11 15 12 42 9 
3 11 15 12 43 4 
3 11 15 12 43 5 
3 11 15 12 43 6 
3 11 15 12 43 7 
3 11 15 12 43 8 
3 11 15 12 43 9 
3 11 15 13 33 4 
3 11 15 13 33 5 
3 11 15 13 33 6 
3 11 15 13 33 7 
3 11 15 13 33 8 
3 11 15 13 33 9 
3 11 15 13 42 4 
3 11 15 13 42 5 
3 11 15 13 42 6 
3 11 15 13 42 7 
3 11 15 13 42 8 
3 11 15 13 42 9 
3 11 15 13 43 4 
3 11 15 13 43 5 
3 11 15 13 43 6 
3 11 15 13 43 7 
3 11 15 13 43 8 
3 11 15 13 43 9 
3 11 15 18 33 4 
3 11 15 18 33 5 
3 11 15 18 33 6 
3 11 15 18 33 7 
3 11 15 18 33 8 
3 11 15 18 33 9 
3 11 15 18 42 4 
3 11 15 18 42 5 
3 11 15 18 42 6 
3 11 15 18 42 7 
3 11 15 18 42 8 
3 11 15 18 42 9 
3 11 15 18 43 4 
3 11 15 18 43 5 
3 11 15 18 43 6 
3 11 15 18 43 7 
3 11 15 18 43 8 
3 11 15 18 43 9 
3 11 16 7 33 17 
3 11 16 7 33 18 
3 11 16 7 33 19 
3 11 16 7 33 20 
3 11 16 7 33 21 
3 11 16 7 33 22 
3 11 16 7 33 23 
3 11 16 7 42 17 
3 11 16 7 42 18 
3 11 16 7 42 19 
3 11 16 7 42 20 
3 11 16 7 42 21 
3 11 16 7 42 22 
3 11 16 7 42 23 
3 11 16 7 43 17 
3 11 16 7 43 18 
3 11 16 7 43 19 
3 11 16 7 43 20 
3 11 16 7 43 21 
3 11 16 7 43 22 
3 11 16 7 43 23 
3 11 16 8 33 17 
3 11 16 8 33 18 
3 11 16 8 33 19 
3 11 16 8 33 20 
3 11 16 8 33 21 
3 11 16 8 33 22 
3 11 16 8 33 23 
3 11 16 8 42 17 
3 11 16 8 42 18 
3 11 16 8 42 19 
3 11 16 8 42 20 
3 11 16 8 42 21 
3 11 16 8 42 22 
3 11 16 8 42 23 
3 11 16 8 43 17 
3 11 16 8 43 18 
3 11 16 8 43 19 
3 11 16 8 43 20 
3 11 16 8 43 21 
3 11 16 8 43 22 
3 11 16 8 43 23 
3 11 16 10 33 17 
3 11 16 10 33 18 
3 11 16 10 33 19 
3 11 16 10 33 20 
3 11 16 10 33 21 
3 11 16 10 33 22 
3 11 16 10 33 23 
3 11 16 10 42 17 
3 11 16 10 42 18 
3 11 16 10 42 19 
3 11 16 10 42 20 
3 11 16 10 42 21 
3 11 16 10 42 22 
3 11 16 10 42 23 
3 11 16 10 43 17 
3 11 16 10 43 18 
3 11 16 10 43 19 
3 11 16 10 43 20 
3 11 16 10 43 21 
3 11 16 10 43 22 
3 11 16 10 43 23 
3 11 16 12 33 17 
3 11 16 12 33 18 
3 11 16 12 33 19 
3 11 16 12 33 20 
3 11 16 12 33 21 
3 11 16 12 33 22 
3 11 16 12 33 23 
3 11 16 12 42 17 
3 11 16 12 42 18 
3 11 16 12 42 19 
3 11 16 12 42 20 
3 11 16 12 42 21 
3 11 16 12 42 22 
3 11 16 12 42 23 
3 11 16 12 43 17 
3 11 16 12 43 18 
3 11 16 12 43 19 
3 11 16 12 43 20 
3 11 16 12 43 21 
3 11 16 12 43 22 
3 11 16 12 43 23 
3 11 16 13 33 17 
3 11 16 13 33 18 
3 11 16 13 33 19 
3 11 16 13 33 20 
3 11 16 13 33 21 
3 11 16 13 33 22 
3 11 16 13 33 23 
3 11 16 13 42 17 
3 11 16 13 42 18 
3 11 16 13 42 19 
3 11 16 13 42 20 
3 11 16 13 42 21 
3 11 16 13 42 22 
3 11 16 13 42 23 
3 11 16 13 43 17 
3 11 16 13 43 18 
3 11 16 13 43 19 
3 11 16 13 43 20 
3 11 16 13 43 21 
3 11 16 13 43 22 
3 11 16 13 43 23 
3 11 16 18 33 17 
3 11 16 18 33 19 
3 11 16 18 33 20 
3 11 16 18 33 21 
3 11 16 18 33 22 
3 11 16 18 33 23 
3 11 16 18 42 17 
3 11 16 18 42 19 
3 11 16 18 42 20 
3 11 16 18 42 21 
3 11 16 18 42 22 
3 11 16 18 42 23 
3 11 16 18 43 17 
3 11 16 18 43 19 
3 11 16 18 43 20 
3 11 16 18 43 21 
3 11 16 18 43 22 
3 11 16 18 43 23 
3 14 10 7 31 11 
3 14 10 7 31 12 
3 14 10 7 31 13 
3 14 10 7 31 15 
3 14 10 7 31 16 
3 14 10 7 32 11 
3 14 10 7 32 12 
3 14 10 7 32 13 
3 14 10 7 32 15 
3 14 10 7 32 16 
3 14 10 7 33 11 
3 14 10 7 33 12 
3 14 10 7 33 13 
3 14 10 7 33 15 
3 14 10 7 33 16 
3 14 10 7 34 11 
3 14 10 7 34 12 
3 14 10 7 34 13 
3 14 10 7 34 15 
3 14 10 7 34 16 
3 14 10 8 31 11 
3 14 10 8 31 12 
3 14 10 8 31 13 
3 14 10 8 31 15 
3 14 10 8 31 16 
3 14 10 8 32 11 
3 14 10 8 32 12 
3 14 10 8 32 13 
3 14 10 8 32 15 
3 14 10 8 32 16 
3 14 10 8 33 11 
3 14 10 8 33 12 
3 14 10 8 33 13 
3 14 10 8 33 15 
3 14 10 8 33 16 
3 14 10 8 34 11 
3 14 10 8 34 12 
3 14 10 8 34 13 
3 14 10 8 34 15 
3 14 10 8 34 16 
3 14 10 12 31 11 
3 14 10 12 31 13 
3 14 10 12 31 15 
3 14 10 12 31 16 
3 14 10 12 32 11 
3 14 10 12 32 13 
3 14 10 12 32 15 
3 14 10 12 32 16 
3 14 10 12 33 11 
3 14 10 12 33 13 
3 14 10 12 33 15 
3 14 10 12 33 16 
3 14 10 12 34 11 
3 14 10 12 34 13 
3 14 10 12 34 15 
3 14 10 12 34 16 
3 14 10 13 31 11 
3 14 10 13 31 12 
3 14 10 13 31 15 
3 14 10 13 31 16 
3 14 10 13 32 11 
3 14 10 13 32 12 
3 14 10 13 32 15 
3 14 10 13 32 16 
3 14 10 13 33 11 
3 14 10 13 33 12 
3 14 10 13 33 15 
3 14 10 13 33 16 
3 14 10 13 34 11 
3 14 10 13 34 12 
3 14 10 13 34 15 
3 14 10 13 34 16 
3 14 10 18 31 11 
3 14 10 18 31 12 
3 14 10 18 31 13 
3 14 10 18 31 15 
3 14 10 18 31 16 
3 14 10 18 32 11 
3 14 10 18 32 12 
3 14 10 18 32 13 
3 14 10 18 32 15 
3 14 10 18 32 16 
3 14 10 18 33 11 
3 14 10 18 33 12 
3 14 10 18 33 13 
3 14 10 18 33 15 
3 14 10 18 33 16 
3 14 10 18 34 11 
3 14 10 18 34 12 
3 14 10 18 34 13 
3 14 10 18 34 15 
3 14 10 18 34 16 
3 14 11 7 24 17 
3 14 11 7 24 18 
3 14 11 7 24 19 
3 14 11 7 24 20 
3 14 11 7 24 21 
3 14 11 7 24 22 
3 14 11 7 24 23 
3 14 11 7 28 17 
3 14 11 7 28 18 
3 14 11 7 28 19 
3 14 11 7 28 20 
3 14 11 7 28 21 
3 14 11 7 28 22 
3 14 11 7 28 23 
3 14 11 7 38 17 
3 14 11 7 38 18 
3 14 11 7 38 19 
3 14 11 7 38 20 
3 14 11 7 38 21 
3 14 11 7 38 22 
3 14 11 7 38 23 
3 14 11 8 24 17 
3 14 11 8 24 18 
3 14 11 8 24 19 
3 14 11 8 24 20 
3 14 11 8 24 21 
3 14 11 8 24 22 
3 14 11 8 24 23 
3 14 11 8 28 17 
3 14 11 8 28 18 
3 14 11 8 28 19 
3 14 11 8 28 20 
3 14 11 8 28 21 
3 14 11 8 28 22 
3 14 11 8 28 23 
3 14 11 8 38 17 
3 14 11 8 38 18 
3 14 11 8 38 19 
3 14 11 8 38 20 
3 14 11 8 38 21 
3 14 11 8 38 22 
3 14 11 8 38 23 
3 14 11 10 24 17 
3 14 11 10 24 18 
3 14 11 10 24 19 
3 14 11 10 24 20 
3 14 11 10 24 21 
3 14 11 10 24 22 
3 14 11 10 24 23 
3 14 11 10 28 17 
3 14 11 10 28 18 
3 14 11 10 28 19 
3 14 11 10 28 20 
3 14 11 10 28 21 
3 14 11 10 28 22 
3 14 11 10 28 23 
3 14 11 10 38 17 
3 14 11 10 38 18 
3 14 11 10 38 19 
3 14 11 10 38 20 
3 14 11 10 38 21 
3 14 11 10 38 22 
3 14 11 10 38 23 
3 14 11 12 24 17 
3 14 11 12 24 18 
3 14 11 12 24 19 
3 14 11 12 24 20 
3 14 11 12 24 21 
3 14 11 12 24 22 
3 14 11 12 24 23 
3 14 11 12 28 17 
3 14 11 12 28 18 
3 14 11 12 28 19 
3 14 11 12 28 20 
3 14 11 12 28 21 
3 14 11 12 28 22 
3 14 11 12 28 23 
3 14 11 12 38 17 
3 14 11 12 38 18 
3 14 11 12 38 19 
3 14 11 12 38 20 
3 14 11 12 38 21 
3 14 11 12 38 22 
3 14 11 12 38 23 
3 14 11 13 24 17 
3 14 11 13 24 18 
3 14 11 13 24 19 
3 14 11 13 24 20 
3 14 11 13 24 21 
3 14 11 13 24 22 
3 14 11 13 24 23 
3 14 11 13 28 17 
3 14 11 13 28 18 
3 14 11 13 28 19 
3 14 11 13 28 20 
3 14 11 13 28 21 
3 14 11 13 28 22 
3 14 11 13 28 23 
3 14 11 13 38 17 
3 14 11 13 38 18 
3 14 11 13 38 19 
3 14 11 13 38 20 
3 14 11 13 38 21 
3 14 11 13 38 22 
3 14 11 13 38 23 
3 14 11 18 24 17 
3 14 11 18 24 19 
3 14 11 18 24 20 
3 14 11 18 24 21 
3 14 11 18 24 22 
3 14 11 18 24 23 
3 14 11 18 28 17 
3 14 11 18 28 19 
3 14 11 18 28 20 
3 14 11 18 28 21 
3 14 11 18 28 22 
3 14 11 18 28 23 
3 14 11 18 38 17 
3 14 11 18 38 19 
3 14 11 18 38 20 
3 14 11 18 38 21 
3 14 11 18 38 22 
3 14 11 18 38 23 
3 14 13 7 46 10 
3 14 13 7 46 11 
3 14 13 7 46 12 
3 14 13 7 46 15 
3 14 13 7 46 16 
3 14 13 8 46 10 
3 14 13 8 46 11 
3 14 13 8 46 12 
3 14 13 8 46 15 
3 14 13 8 46 16 
3 14 13 10 46 11 
3 14 13 10 46 12 
3 14 13 10 46 15 
3 14 13 10 46 16 
3 14 13 12 46 10 
3 14 13 12 46 11 
3 14 13 12 46 15 
3 14 13 12 46 16 
3 14 13 18 46 10 
3 14 13 18 46 11 
3 14 13 18 46 12 
3 14 13 18 46 15 
3 14 13 18 46 16 
3 14 15 7 36 4 
3 14 15 7 36 5 
3 14 15 7 36 6 
3 14 15 7 36 8 
3 14 15 7 36 9 
3 14 15 7 44 4 
3 14 15 7 44 5 
3 14 15 7 44 6 
3 14 15 7 44 8 
3 14 15 7 44 9 
3 14 15 7 47 4 
3 14 15 7 47 5 
3 14 15 7 47 6 
3 14 15 7 47 8 
3 14 15 7 47 9 
3 14 15 8 36 4 
3 14 15 8 36 5 
3 14 15 8 36 6 
3 14 15 8 36 7 
3 14 15 8 36 9 
3 14 15 8 44 4 
3 14 15 8 44 5 
3 14 15 8 44 6 
3 14 15 8 44 7 
3 14 15 8 44 9 
3 14 15 8 47 4 
3 14 15 8 47 5 
3 14 15 8 47 6 
3 14 15 8 47 7 
3 14 15 8 47 9 
3 14 15 10 36 4 
3 14 15 10 36 5 
3 14 15 10 36 6 
3 14 15 10 36 7 
3 14 15 10 36 8 
3 14 15 10 36 9 
3 14 15 10 44 4 
3 14 15 10 44 5 
3 14 15 10 44 6 
3 14 15 10 44 7 
3 14 15 10 44 8 
3 14 15 10 44 9 
3 14 15 10 47 4 
3 14 15 10 47 5 
3 14 15 10 47 6 
3 14 15 10 47 7 
3 14 15 10 47 8 
3 14 15 10 47 9 
3 14 15 12 36 4 
3 14 15 12 36 5 
3 14 15 12 36 6 
3 14 15 12 36 7 
3 14 15 12 36 8 
3 14 15 12 36 9 
3 14 15 12 44 4 
3 14 15 12 44 5 
3 14 15 12 44 6 
3 14 15 12 44 7 
3 14 15 12 44 8 
3 14 15 12 44 9 
3 14 15 12 47 4 
3 14 15 12 47 5 
3 14 15 12 47 6 
3 14 15 12 47 7 
3 14 15 12 47 8 
3 14 15 12 47 9 
3 14 15 13 36 4 
3 14 15 13 36 5 
3 14 15 13 36 6 
3 14 15 13 36 7 
3 14 15 13 36 8 
3 14 15 13 36 9 
3 14 15 13 44 4 
3 14 15 13 44 5 
3 14 15 13 44 6 
3 14 15 13 44 7 
3 14 15 13 44 8 
3 14 15 13 44 9 
3 14 15 13 47 4 
3 14 15 13 47 5 
3 14 15 13 47 6 
3 14 15 13 47 7 
3 14 15 13 47 8 
3 14 15 13 47 9 
3 14 15 18 36 4 
3 14 15 18 36 5 
3 14 15 18 36 6 
3 14 15 18 36 7 
3 14 15 18 36 8 
3 14 15 18 36 9 
3 14 15 18 44 4 
3 14 15 18 44 5 
3 14 15 18 44 6 
3 14 15 18 44 7 
3 14 15 18 44 8 
3 14 15 18 44 9 
3 14 15 18 47 4 
3 14 15 18 47 5 
3 14 15 18 47 6 
3 14 15 18 47 7 
3 14 15 18 47 8 
3 14 15 18 47 9 
3 14 16 7 36 17 
3 14 16 7 36 18 
3 14 16 7 36 19 
3 14 16 7 36 20 
3 14 16 7 36 21 
3 14 16 7 36 22 
3 14 16 7 36 23 
3 14 16 7 44 17 
3 14 16 7 44 18 
3 14 16 7 44 19 
3 14 16 7 44 20 
3 14 16 7 44 21 
3 14 16 7 44 22 
3 14 16 7 44 23 
3 14 16 7 47 17 
3 14 16 7 47 18 
3 14 16 7 47 19 
3 14 16 7 47 20 
3 14 16 7 47 21 
3 14 16 7 47 22 
3 14 16 7 47 23 
3 14 16 8 36 17 
3 14 16 8 36 18 
3 14 16 8 36 19 
3 14 16 8 36 20 
3 14 16 8 36 21 
3 14 16 8 36 22 
3 14 16 8 36 23 
3 14 16 8 44 17 
3 14 16 8 44 18 
3 14 16 8 44 19 
3 14 16 8 44 20 
3 14 16 8 44 21 
3 14 16 8 44 22 
3 14 16 8 44 23 
3 14 16 8 47 17 
3 14 16 8 47 18 
3 14 16 8 47 19 
3 14 16 8 47 20 
3 14 16 8 47 21 
3 14 16 8 47 22 
3 14 16 8 47 23 
3 14 16 10 36 17 
3 14 16 10 36 18 
3 14 16 10 36 19 
3 14 16 10 36 20 
3 14 16 10 36 21 
3 14 16 10 36 22 
3 14 16 10 36 23 
3 14 16 10 44 17 
3 14 16 10 44 18 
3 14 16 10 44 19 
3 14 16 10 44 20 
3 14 16 10 44 21 
3 14 16 10 44 22 
3 14 16 10 44 23 
3 14 16 10 47 17 
3 14 16 10 47 18 
3 14 16 10 47 19 
3 14 16 10 47 20 
3 14 16 10 47 21 
3 14 16 10 47 22 
3 14 16 10 47 23 
3 14 16 12 36 17 
3 14 16 12 36 18 
3 14 16 12 36 19 
3 14 16 12 36 20 
3 14 16 12 36 21 
3 14 16 12 36 22 
3 14 16 12 36 23 
3 14 16 12 44 17 
3 14 16 12 44 18 
3 14 16 12 44 19 
3 14 16 12 44 20 
3 14 16 12 44 21 
3 14 16 12 44 22 
3 14 16 12 44 23 
3 14 16 12 47 17 
3 14 16 12 47 18 
3 14 16 12 47 19 
3 14 16 12 47 20 
3 14 16 12 47 21 
3 14 16 12 47 22 
3 14 16 12 47 23 
3 14 16 13 36 17 
3 14 16 13 36 18 
3 14 16 13 36 19 
3 14 16 13 36 20 
3 14 16 13 36 21 
3 14 16 13 36 22 
3 14 16 13 36 23 
3 14 16 13 44 17 
3 14 16 13 44 18 
3 14 16 13 44 19 
3 14 16 13 44 20 
3 14 16 13 44 21 
3 14 16 13 44 22 
3 14 16 13 44 23 
3 14 16 13 47 17 
3 14 16 13 47 18 
3 14 16 13 47 19 
3 14 16 13 47 20 
3 14 16 13 47 21 
3 14 16 13 47 22 
3 14 16 13 47 23 
3 14 16 18 36 17 
3 14 16 18 36 19 
3 14 16 18 36 20 
3 14 16 18 36 21 
3 14 16 18 36 22 
3 14 16 18 36 23 
3 14 16 18 44 17 
3 14 16 18 44 19 
3 14 16 18 44 20 
3 14 16 18 44 21 
3 14 16 18 44 22 
3 14 16 18 44 23 
3 14 16 18 47 17 
3 14 16 18 47 19 
3 14 16 18 47 20 
3 14 16 18 47 21 
3 14 16 18 47 22 
3 14 16 18 47 23 
3 16 10 7 35 11 
3 16 10 7 35 12 
3 16 10 7 35 13 
3 16 10 7 35 14 
3 16 10 7 35 15 
3 16 10 7 36 11 
3 16 10 7 36 12 
3 16 10 7 36 13 
3 16 10 7 36 14 
3 16 10 7 36 15 
3 16 10 7 37 11 
3 16 10 7 37 12 
3 16 10 7 37 13 
3 16 10 7 37 14 
3 16 10 7 37 15 
3 16 10 8 35 11 
3 16 10 8 35 12 
3 16 10 8 35 13 
3 16 10 8 35 14 
3 16 10 8 35 15 
3 16 10 8 36 11 
3 16 10 8 36 12 
3 16 10 8 36 13 
3 16 10 8 36 14 
3 16 10 8 36 15 
3 16 10 8 37 11 
3 16 10 8 37 12 
3 16 10 8 37 13 
3 16 10 8 37 14 
3 16 10 8 37 15 
3 16 10 12 35 11 
3 16 10 12 35 13 
3 16 10 12 35 14 
3 16 10 12 35 15 
3 16 10 12 36 11 
3 16 10 12 36 13 
3 16 10 12 36 14 
3 16 10 12 36 15 
3 16 10 12 37 11 
3 16 10 12 37 13 
3 16 10 12 37 14 
3 16 10 12 37 15 
3 16 10 13 35 11 
3 16 10 13 35 12 
3 16 10 13 35 14 
3 16 10 13 35 15 
3 16 10 13 36 11 
3 16 10 13 36 12 
3 16 10 13 36 14 
3 16 10 13 36 15 
3 16 10 13 37 11 
3 16 10 13 37 12 
3 16 10 13 37 14 
3 16 10 13 37 15 
3 16 10 18 35 11 
3 16 10 18 35 12 
3 16 10 18 35 13 
3 16 10 18 35 14 
3 16 10 18 35 15 
3 16 10 18 36 11 
3 16 10 18 36 12 
3 16 10 18 36 13 
3 16 10 18 36 14 
3 16 10 18 36 15 
3 16 10 18 37 11 
3 16 10 18 37 12 
3 16 10 18 37 13 
3 16 10 18 37 14 
3 16 10 18 37 15 
3 16 11 7 39 17 
3 16 11 7 39 18 
3 16 11 7 39 19 
3 16 11 7 39 20 
3 16 11 7 39 21 
3 16 11 7 39 22 
3 16 11 7 39 23 
3 16 11 7 43 17 
3 16 11 7 43 18 
3 16 11 7 43 19 
3 16 11 7 43 20 
3 16 11 7 43 21 
3 16 11 7 43 22 
3 16 11 7 43 23 
3 16 11 8 39 17 
3 16 11 8 39 18 
3 16 11 8 39 19 
3 16 11 8 39 20 
3 16 11 8 39 21 
3 16 11 8 39 22 
3 16 11 8 39 23 
3 16 11 8 43 17 
3 16 11 8 43 18 
3 16 11 8 43 19 
3 16 11 8 43 20 
3 16 11 8 43 21 
3 16 11 8 43 22 
3 16 11 8 43 23 
3 16 11 10 39 17 
3 16 11 10 39 18 
3 16 11 10 39 19 
3 16 11 10 39 20 
3 16 11 10 39 21 
3 16 11 10 39 22 
3 16 11 10 39 23 
3 16 11 10 43 17 
3 16 11 10 43 18 
3 16 11 10 43 19 
3 16 11 10 43 20 
3 16 11 10 43 21 
3 16 11 10 43 22 
3 16 11 10 43 23 
3 16 11 12 39 17 
3 16 11 12 39 18 
3 16 11 12 39 19 
3 16 11 12 39 20 
3 16 11 12 39 21 
3 16 11 12 39 22 
3 16 11 12 39 23 
3 16 11 12 43 17 
3 16 11 12 43 18 
3 16 11 12 43 19 
3 16 11 12 43 20 
3 16 11 12 43 21 
3 16 11 12 43 22 
3 16 11 12 43 23 
3 16 11 13 39 17 
3 16 11 13 39 18 
3 16 11 13 39 19 
3 16 11 13 39 20 
3 16 11 13 39 21 
3 16 11 13 39 22 
3 16 11 13 39 23 
3 16 11 13 43 17 
3 16 11 13 43 18 
3 16 11 13 43 19 
3 16 11 13 43 20 
3 16 11 13 43 21 
3 16 11 13 43 22 
3 16 11 13 43 23 
3 16 11 18 39 17 
3 16 11 18 39 19 
3 16 11 18 39 20 
3 16 11 18 39 21 
3 16 11 18 39 22 
3 16 11 18 39 23 
3 16 11 18 43 17 
3 16 11 18 43 19 
3 16 11 18 43 20 
3 16 11 18 43 21 
3 16 11 18 43 22 
3 16 11 18 43 23 
3 16 12 7 43 10 
3 16 12 7 43 11 
3 16 12 7 43 13 
3 16 12 7 43 14 
3 16 12 7 43 15 
3 16 12 7 44 10 
3 16 12 7 44 11 
3 16 12 7 44 13 
3 16 12 7 44 14 
3 16 12 7 44 15 
3 16 12 8 43 10 
3 16 12 8 43 11 
3 16 12 8 43 13 
3 16 12 8 43 14 
3 16 12 8 43 15 
3 16 12 8 44 10 
3 16 12 8 44 11 
3 16 12 8 44 13 
3 16 12 8 44 14 
3 16 12 8 44 15 
3 16 12 10 43 11 
3 16 12 10 43 13 
3 16 12 10 43 14 
3 16 12 10 43 15 
3 16 12 10 44 11 
3 16 12 10 44 13 
3 16 12 10 44 14 
3 16 12 10 44 15 
3 16 12 13 43 10 
3 16 12 13 43 11 
3 16 12 13 43 14 
3 16 12 13 43 15 
3 16 12 13 44 10 
3 16 12 13 44 11 
3 16 12 13 44 14 
3 16 12 13 44 15 
3 16 12 18 43 10 
3 16 12 18 43 11 
3 16 12 18 43 13 
3 16 12 18 43 14 
3 16 12 18 43 15 
3 16 12 18 44 10 
3 16 12 18 44 11 
3 16 12 18 44 13 
3 16 12 18 44 14 
3 16 12 18 44 15 
3 16 13 7 33 10 
3 16 13 7 33 11 
3 16 13 7 33 12 
3 16 13 7 33 14 
3 16 13 7 33 15 
3 16 13 7 34 10 
3 16 13 7 34 11 
3 16 13 7 34 12 
3 16 13 7 34 14 
3 16 13 7 34 15 
3 16 13 7 47 10 
3 16 13 7 47 11 
3 16 13 7 47 12 
3 16 13 7 47 14 
3 16 13 7 47 15 
3 16 13 8 33 10 
3 16 13 8 33 11 
3 16 13 8 33 12 
3 16 13 8 33 14 
3 16 13 8 33 15 
3 16 13 8 34 10 
3 16 13 8 34 11 
3 16 13 8 34 12 
3 16 13 8 34 14 
3 16 13 8 34 15 
3 16 13 8 47 10 
3 16 13 8 47 11 
3 16 13 8 47 12 
3 16 13 8 47 14 
3 16 13 8 47 15 
3 16 13 10 33 11 
3 16 13 10 33 12 
3 16 13 10 33 14 
3 16 13 10 33 15 
3 16 13 10 34 11 
3 16 13 10 34 12 
3 16 13 10 34 14 
3 16 13 10 34 15 
3 16 13 10 47 11 
3 16 13 10 47 12 
3 16 13 10 47 14 
3 16 13 10 47 15 
3 16 13 12 33 10 
3 16 13 12 33 11 
3 16 13 12 33 14 
3 16 13 12 33 15 
3 16 13 12 34 10 
3 16 13 12 34 11 
3 16 13 12 34 14 
3 16 13 12 34 15 
3 16 13 12 47 10 
3 16 13 12 47 11 
3 16 13 12 47 14 
3 16 13 12 47 15 
3 16 13 18 33 10 
3 16 13 18 33 11 
3 16 13 18 33 12 
3 16 13 18 33 14 
3 16 13 18 33 15 
3 16 13 18 34 10 
3 16 13 18 34 11 
3 16 13 18 34 12 
3 16 13 18 34 14 
3 16 13 18 34 15 
3 16 13 18 47 10 
3 16 13 18 47 11 
3 16 13 18 47 12 
3 16 13 18 47 14 
3 16 13 18 47 15 
3 16 14 7 33 17 
3 16 14 7 33 18 
3 16 14 7 33 19 
3 16 14 7 33 20 
3 16 14 7 33 21 
3 16 14 7 33 22 
3 16 14 7 33 23 
3 16 14 7 34 17 
3 16 14 7 34 18 
3 16 14 7 34 19 
3 16 14 7 34 20 
3 16 14 7 34 21 
3 16 14 7 34 22 
3 16 14 7 34 23 
3 16 14 7 47 17 
3 16 14 7 47 18 
3 16 14 7 47 19 
3 16 14 7 47 20 
3 16 14 7 47 21 
3 16 14 7 47 22 
3 16 14 7 47 23 
3 16 14 8 33 17 
3 16 14 8 33 18 
3 16 14 8 33 19 
3 16 14 8 33 20 
3 16 14 8 33 21 
3 16 14 8 33 22 
3 16 14 8 33 23 
3 16 14 8 34 17 
3 16 14 8 34 18 
3 16 14 8 34 19 
3 16 14 8 34 20 
3 16 14 8 34 21 
3 16 14 8 34 22 
3 16 14 8 34 23 
3 16 14 8 47 17 
3 16 14 8 47 18 
3 16 14 8 47 19 
3 16 14 8 47 20 
3 16 14 8 47 21 
3 16 14 8 47 22 
3 16 14 8 47 23 
3 16 14 10 33 17 
3 16 14 10 33 18 
3 16 14 10 33 19 
3 16 14 10 33 20 
3 16 14 10 33 21 
3 16 14 10 33 22 
3 16 14 10 33 23 
3 16 14 10 34 17 
3 16 14 10 34 18 
3 16 14 10 34 19 
3 16 14 10 34 20 
3 16 14 10 34 21 
3 16 14 10 34 22 
3 16 14 10 34 23 
3 16 14 10 47 17 
3 16 14 10 47 18 
3 16 14 10 47 19 
3 16 14 10 47 20 
3 16 14 10 47 21 
3 16 14 10 47 22 
3 16 14 10 47 23 
3 16 14 12 33 17 
3 16 14 12 33 18 
3 16 14 12 33 19 
3 16 14 12 33 20 
3 16 14 12 33 21 
3 16 14 12 33 22 
3 16 14 12 33 23 
3 16 14 12 34 17 
3 16 14 12 34 18 
3 16 14 12 34 19 
3 16 14 12 34 20 
3 16 14 12 34 21 
3 16 14 12 34 22 
3 16 14 12 34 23 
3 16 14 12 47 17 
3 16 14 12 47 18 
3 16 14 12 47 19 
3 16 14 12 47 20 
3 16 14 12 47 21 
3 16 14 12 47 22 
3 16 14 12 47 23 
3 16 14 13 33 17 
3 16 14 13 33 18 
3 16 14 13 33 19 
3 16 14 13 33 20 
3 16 14 13 33 21 
3 16 14 13 33 22 
3 16 14 13 33 23 
3 16 14 13 34 17 
3 16 14 13 34 18 
3 16 14 13 34 19 
3 16 14 13 34 20 
3 16 14 13 34 21 
3 16 14 13 34 22 
3 16 14 13 34 23 
3 16 14 13 47 17 
3 16 14 13 47 18 
3 16 14 13 47 19 
3 16 14 13 47 20 
3 16 14 13 47 21 
3 16 14 13 47 22 
3 16 14 13 47 23 
3 16 14 18 33 17 
3 16 14 18 33 19 
3 16 14 18 33 20 
3 16 14 18 33 21 
3 16 14 18 33 22 
3 16 14 18 33 23 
3 16 14 18 34 17 
3 16 14 18 34 19 
3 16 14 18 34 20 
3 16 14 18 34 21 
3 16 14 18 34 22 
3 16 14 18 34 23 
3 16 14 18 47 17 
3 16 14 18 47 19 
3 16 14 18 47 20 
3 16 14 18 47 21 
3 16 14 18 47 22 
3 16 14 18 47 23 
3 16 15 7 37 4 
3 16 15 7 37 5 
3 16 15 7 37 6 
3 16 15 7 37 8 
3 16 15 7 37 9 
3 16 15 7 42 4 
3 16 15 7 42 5 
3 16 15 7 42 6 
3 16 15 7 42 8 
3 16 15 7 42 9 
3 16 15 7 48 4 
3 16 15 7 48 5 
3 16 15 7 48 6 
3 16 15 7 48 8 
3 16 15 7 48 9 
3 16 15 8 37 4 
3 16 15 8 37 5 
3 16 15 8 37 6 
3 16 15 8 37 7 
3 16 15 8 37 9 
3 16 15 8 42 4 
3 16 15 8 42 5 
3 16 15 8 42 6 
3 16 15 8 42 7 
3 16 15 8 42 9 
3 16 15 8 48 4 
3 16 15 8 48 5 
3 16 15 8 48 6 
3 16 15 8 48 7 
3 16 15 8 48 9 
3 16 15 10 37 4 
3 16 15 10 37 5 
3 16 15 10 37 6 
3 16 15 10 37 7 
3 16 15 10 37 8 
3 16 15 10 37 9 
3 16 15 10 42 4 
3 16 15 10 42 5 
3 16 15 10 42 6 
3 16 15 10 42 7 
3 16 15 10 42 8 
3 16 15 10 42 9 
3 16 15 10 48 4 
3 16 15 10 48 5 
3 16 15 10 48 6 
3 16 15 10 48 7 
3 16 15 10 48 8 
3 16 15 10 48 9 
3 16 15 12 37 4 
3 16 15 12 37 5 
3 16 15 12 37 6 
3 16 15 12 37 7 
3 16 15 12 37 8 
3 16 15 12 37 9 
3 16 15 12 42 4 
3 16 15 12 42 5 
3 16 15 12 42 6 
3 16 15 12 42 7 
3 16 15 12 42 8 
3 16 15 12 42 9 
3 16 15 12 48 4 
3 16 15 12 48 5 
3 16 15 12 48 6 
3 16 15 12 48 7 
3 16 15 12 48 8 
3 16 15 12 48 9 
3 16 15 13 37 4 
3 16 15 13 37 5 
3 16 15 13 37 6 
3 16 15 13 37 7 
3 16 15 13 37 8 
3 16 15 13 37 9 
3 16 15 13 42 4 
3 16 15 13 42 5 
3 16 15 13 42 6 
3 16 15 13 42 7 
3 16 15 13 42 8 
3 16 15 13 42 9 
3 16 15 13 48 4 
3 16 15 13 48 5 
3 16 15 13 48 6 
3 16 15 13 48 7 
3 16 15 13 48 8 
3 16 15 13 48 9 
3 16 15 18 37 4 
3 16 15 18 37 5 
3 16 15 18 37 6 
3 16 15 18 37 7 
3 16 15 18 37 8 
3 16 15 18 37 9 
3 16 15 18 42 4 
3 16 15 18 42 5 
3 16 15 18 42 6 
3 16 15 18 42 7 
3 16 15 18 42 8 
3 16 15 18 42 9 
3 16 15 18 48 4 
3 16 15 18 48 5 
3 16 15 18 48 6 
3 16 15 18 48 7 
3 16 15 18 48 8 
3 16 15 18 48 9 
3 21 10 6 29 11 
3 21 10 6 29 12 
3 21 10 6 29 13 
3 21 10 6 29 14 
3 21 10 6 29 15 
3 21 10 6 29 16 
3 21 10 6 30 11 
3 21 10 6 30 12 
3 21 10 6 30 13 
3 21 10 6 30 14 
3 21 10 6 30 15 
3 21 10 6 30 16 
3 21 10 9 29 11 
3 21 10 9 29 12 
3 21 10 9 29 13 
3 21 10 9 29 14 
3 21 10 9 29 15 
3 21 10 9 29 16 
3 21 10 9 30 11 
3 21 10 9 30 12 
3 21 10 9 30 13 
3 21 10 9 30 14 
3 21 10 9 30 15 
3 21 10 9 30 16 
3 21 10 11 29 12 
3 21 10 11 29 13 
3 21 10 11 29 14 
3 21 10 11 29 15 
3 21 10 11 29 16 
3 21 10 11 30 12 
3 21 10 11 30 13 
3 21 10 11 30 14 
3 21 10 11 30 15 
3 21 10 11 30 16 
3 21 10 14 29 11 
3 21 10 14 29 12 
3 21 10 14 29 13 
3 21 10 14 29 15 
3 21 10 14 29 16 
3 21 10 14 30 11 
3 21 10 14 30 12 
3 21 10 14 30 13 
3 21 10 14 30 15 
3 21 10 14 30 16 
3 21 10 16 29 11 
3 21 10 16 29 12 
3 21 10 16 29 13 
3 21 10 16 29 14 
3 21 10 16 29 15 
3 21 10 16 30 11 
3 21 10 16 30 12 
3 21 10 16 30 13 
3 21 10 16 30 14 
3 21 10 16 30 15 
3 21 10 22 29 11 
3 21 10 22 29 12 
3 21 10 22 29 13 
3 21 10 22 29 14 
3 21 10 22 29 15 
3 21 10 22 29 16 
3 21 10 22 30 11 
3 21 10 22 30 12 
3 21 10 22 30 13 
3 21 10 22 30 14 
3 21 10 22 30 15 
3 21 10 22 30 16 
3 21 11 6 40 17 
3 21 11 6 40 18 
3 21 11 6 40 19 
3 21 11 6 40 20 
3 21 11 6 40 22 
3 21 11 6 40 23 
3 21 11 6 41 17 
3 21 11 6 41 18 
3 21 11 6 41 19 
3 21 11 6 41 20 
3 21 11 6 41 22 
3 21 11 6 41 23 
3 21 11 6 42 17 
3 21 11 6 42 18 
3 21 11 6 42 19 
3 21 11 6 42 20 
3 21 11 6 42 22 
3 21 11 6 42 23 
3 21 11 9 40 17 
3 21 11 9 40 18 
3 21 11 9 40 19 
3 21 11 9 40 20 
3 21 11 9 40 22 
3 21 11 9 40 23 
3 21 11 9 41 17 
3 21 11 9 41 18 
3 21 11 9 41 19 
3 21 11 9 41 20 
3 21 11 9 41 22 
3 21 11 9 41 23 
3 21 11 9 42 17 
3 21 11 9 42 18 
3 21 11 9 42 19 
3 21 11 9 42 20 
3 21 11 9 42 22 
3 21 11 9 42 23 
3 21 11 14 40 17 
3 21 11 14 40 18 
3 21 11 14 40 19 
3 21 11 14 40 20 
3 21 11 14 40 22 
3 21 11 14 40 23 
3 21 11 14 41 17 
3 21 11 14 41 18 
3 21 11 14 41 19 
3 21 11 14 41 20 
3 21 11 14 41 22 
3 21 11 14 41 23 
3 21 11 14 42 17 
3 21 11 14 42 18 
3 21 11 14 42 19 
3 21 11 14 42 20 
3 21 11 14 42 22 
3 21 11 14 42 23 
3 21 11 16 40 17 
3 21 11 16 40 18 
3 21 11 16 40 19 
3 21 11 16 40 20 
3 21 11 16 40 22 
3 21 11 16 40 23 
3 21 11 16 41 17 
3 21 11 16 41 18 
3 21 11 16 41 19 
3 21 11 16 41 20 
3 21 11 16 41 22 
3 21 11 16 41 23 
3 21 11 16 42 17 
3 21 11 16 42 18 
3 21 11 16 42 19 
3 21 11 16 42 20 
3 21 11 16 42 22 
3 21 11 16 42 23 
3 21 11 22 40 17 
3 21 11 22 40 18 
3 21 11 22 40 19 
3 21 11 22 40 20 
3 21 11 22 40 23 
3 21 11 22 41 17 
3 21 11 22 41 18 
3 21 11 22 41 19 
3 21 11 22 41 20 
3 21 11 22 41 23 
3 21 11 22 42 17 
3 21 11 22 42 18 
3 21 11 22 42 19 
3 21 11 22 42 20 
3 21 11 22 42 23 
3 21 12 6 30 10 
3 21 12 6 30 11 
3 21 12 6 30 13 
3 21 12 6 30 14 
3 21 12 6 30 15 
3 21 12 6 30 16 
3 21 12 6 45 10 
3 21 12 6 45 11 
3 21 12 6 45 13 
3 21 12 6 45 14 
3 21 12 6 45 15 
3 21 12 6 45 16 
3 21 12 6 46 10 
3 21 12 6 46 11 
3 21 12 6 46 13 
3 21 12 6 46 14 
3 21 12 6 46 15 
3 21 12 6 46 16 
3 21 12 6 48 10 
3 21 12 6 48 11 
3 21 12 6 48 13 
3 21 12 6 48 14 
3 21 12 6 48 15 
3 21 12 6 48 16 
3 21 12 9 30 10 
3 21 12 9 30 11 
3 21 12 9 30 13 
3 21 12 9 30 14 
3 21 12 9 30 15 
3 21 12 9 30 16 
3 21 12 9 45 10 
3 21 12 9 45 11 
3 21 12 9 45 13 
3 21 12 9 45 14 
3 21 12 9 45 15 
3 21 12 9 45 16 
3 21 12 9 46 10 
3 21 12 9 46 11 
3 21 12 9 46 13 
3 21 12 9 46 14 
3 21 12 9 46 15 
3 21 12 9 46 16 
3 21 12 9 48 10 
3 21 12 9 48 11 
3 21 12 9 48 13 
3 21 12 9 48 14 
3 21 12 9 48 15 
3 21 12 9 48 16 
3 21 12 11 30 10 
3 21 12 11 30 13 
3 21 12 11 30 14 
3 21 12 11 30 15 
3 21 12 11 30 16 
3 21 12 11 45 10 
3 21 12 11 45 13 
3 21 12 11 45 14 
3 21 12 11 45 15 
3 21 12 11 45 16 
3 21 12 11 46 10 
3 21 12 11 46 13 
3 21 12 11 46 14 
3 21 12 11 46 15 
3 21 12 11 46 16 
3 21 12 11 48 10 
3 21 12 11 48 13 
3 21 12 11 48 14 
3 21 12 11 48 15 
3 21 12 11 48 16 
3 21 12 14 30 10 
3 21 12 14 30 11 
3 21 12 14 30 13 
3 21 12 14 30 15 
3 21 12 14 30 16 
3 21 12 14 45 10 
3 21 12 14 45 11 
3 21 12 14 45 13 
3 21 12 14 45 15 
3 21 12 14 45 16 
3 21 12 14 46 10 
3 21 12 14 46 11 
3 21 12 14 46 13 
3 21 12 14 46 15 
3 21 12 14 46 16 
3 21 12 14 48 10 
3 21 12 14 48 11 
3 21 12 14 48 13 
3 21 12 14 48 15 
3 21 12 14 48 16 
3 21 12 16 30 10 
3 21 12 16 30 11 
3 21 12 16 30 13 
3 21 12 16 30 14 
3 21 12 16 30 15 
3 21 12 16 45 10 
3 21 12 16 45 11 
3 21 12 16 45 13 
3 21 12 16 45 14 
3 21 12 16 45 15 
3 21 12 16 46 10 
3 21 12 16 46 11 
3 21 12 16 46 13 
3 21 12 16 46 14 
3 21 12 16 46 15 
3 21 12 16 48 10 
3 21 12 16 48 11 
3 21 12 16 48 13 
3 21 12 16 48 14 
3 21 12 16 48 15 
3 21 12 22 30 10 
3 21 12 22 30 11 
3 21 12 22 30 13 
3 21 12 22 30 14 
3 21 12 22 30 15 
3 21 12 22 30 16 
3 21 12 22 45 10 
3 21 12 22 45 11 
3 21 12 22 45 13 
3 21 12 22 45 14 
3 21 12 22 45 15 
3 21 12 22 45 16 
3 21 12 22 46 10 
3 21 12 22 46 11 
3 21 12 22 46 13 
3 21 12 22 46 14 
3 21 12 22 46 15 
3 21 12 22 46 16 
3 21 12 22 48 10 
3 21 12 22 48 11 
3 21 12 22 48 13 
3 21 12 22 48 14 
3 21 12 22 48 15 
3 21 12 22 48 16 
3 21 13 6 31 10 
3 21 13 6 31 11 
3 21 13 6 31 12 
3 21 13 6 31 14 
3 21 13 6 31 15 
3 21 13 6 31 16 
3 21 13 6 41 10 
3 21 13 6 41 11 
3 21 13 6 41 12 
3 21 13 6 41 14 
3 21 13 6 41 15 
3 21 13 6 41 16 
3 21 13 6 44 10 
3 21 13 6 44 11 
3 21 13 6 44 12 
3 21 13 6 44 14 
3 21 13 6 44 15 
3 21 13 6 44 16 
3 21 13 9 31 10 
3 21 13 9 31 11 
3 21 13 9 31 12 
3 21 13 9 31 14 
3 21 13 9 31 15 
3 21 13 9 31 16 
3 21 13 9 41 10 
3 21 13 9 41 11 
3 21 13 9 41 12 
3 21 13 9 41 14 
3 21 13 9 41 15 
3 21 13 9 41 16 
3 21 13 9 44 10 
3 21 13 9 44 11 
3 21 13 9 44 12 
3 21 13 9 44 14 
3 21 13 9 44 15 
3 21 13 9 44 16 
3 21 13 11 31 10 
3 21 13 11 31 12 
3 21 13 11 31 14 
3 21 13 11 31 15 
3 21 13 11 31 16 
3 21 13 11 41 10 
3 21 13 11 41 12 
3 21 13 11 41 14 
3 21 13 11 41 15 
3 21 13 11 41 16 
3 21 13 11 44 10 
3 21 13 11 44 12 
3 21 13 11 44 14 
3 21 13 11 44 15 
3 21 13 11 44 16 
3 21 13 14 31 10 
3 21 13 14 31 11 
3 21 13 14 31 12 
3 21 13 14 31 15 
3 21 13 14 31 16 
3 21 13 14 41 10 
3 21 13 14 41 11 
3 21 13 14 41 12 
3 21 13 14 41 15 
3 21 13 14 41 16 
3 21 13 14 44 10 
3 21 13 14 44 11 
3 21 13 14 44 12 
3 21 13 14 44 15 
3 21 13 14 44 16 
3 21 13 16 31 10 
3 21 13 16 31 11 
3 21 13 16 31 12 
3 21 13 16 31 14 
3 21 13 16 31 15 
3 21 13 16 41 10 
3 21 13 16 41 11 
3 21 13 16 41 12 
3 21 13 16 41 14 
3 21 13 16 41 15 
3 21 13 16 44 10 
3 21 13 16 44 11 
3 21 13 16 44 12 
3 21 13 16 44 14 
3 21 13 16 44 15 
3 21 13 22 31 10 
3 21 13 22 31 11 
3 21 13 22 31 12 
3 21 13 22 31 14 
3 21 13 22 31 15 
3 21 13 22 31 16 
3 21 13 22 41 10 
3 21 13 22 41 11 
3 21 13 22 41 12 
3 21 13 22 41 14 
3 21 13 22 41 15 
3 21 13 22 41 16 
3 21 13 22 44 10 
3 21 13 22 44 11 
3 21 13 22 44 12 
3 21 13 22 44 14 
3 21 13 22 44 15 
3 21 13 22 44 16 
3 21 14 6 31 17 
3 21 14 6 31 18 
3 21 14 6 31 19 
3 21 14 6 31 20 
3 21 14 6 31 22 
3 21 14 6 31 23 
3 21 14 6 41 17 
3 21 14 6 41 18 
3 21 14 6 41 19 
3 21 14 6 41 20 
3 21 14 6 41 22 
3 21 14 6 41 23 
3 21 14 6 44 17 
3 21 14 6 44 18 
3 21 14 6 44 19 
3 21 14 6 44 20 
3 21 14 6 44 22 
3 21 14 6 44 23 
3 21 14 9 31 17 
3 21 14 9 31 18 
3 21 14 9 31 19 
3 21 14 9 31 20 
3 21 14 9 31 22 
3 21 14 9 31 23 
3 21 14 9 41 17 
3 21 14 9 41 18 
3 21 14 9 41 19 
3 21 14 9 41 20 
3 21 14 9 41 22 
3 21 14 9 41 23 
3 21 14 9 44 17 
3 21 14 9 44 18 
3 21 14 9 44 19 
3 21 14 9 44 20 
3 21 14 9 44 22 
3 21 14 9 44 23 
3 21 14 11 31 17 
3 21 14 11 31 18 
3 21 14 11 31 19 
3 21 14 11 31 20 
3 21 14 11 31 22 
3 21 14 11 31 23 
3 21 14 11 41 17 
3 21 14 11 41 18 
3 21 14 11 41 19 
3 21 14 11 41 20 
3 21 14 11 41 22 
3 21 14 11 41 23 
3 21 14 11 44 17 
3 21 14 11 44 18 
3 21 14 11 44 19 
3 21 14 11 44 20 
3 21 14 11 44 22 
3 21 14 11 44 23 
3 21 14 16 31 17 
3 21 14 16 31 18 
3 21 14 16 31 19 
3 21 14 16 31 20 
3 21 14 16 31 22 
3 21 14 16 31 23 
3 21 14 16 41 17 
3 21 14 16 41 18 
3 21 14 16 41 19 
3 21 14 16 41 20 
3 21 14 16 41 22 
3 21 14 16 41 23 
3 21 14 16 44 17 
3 21 14 16 44 18 
3 21 14 16 44 19 
3 21 14 16 44 20 
3 21 14 16 44 22 
3 21 14 16 44 23 
3 21 14 22 31 17 
3 21 14 22 31 18 
3 21 14 22 31 19 
3 21 14 22 31 20 
3 21 14 22 31 23 
3 21 14 22 41 17 
3 21 14 22 41 18 
3 21 14 22 41 19 
3 21 14 22 41 20 
3 21 14 22 41 23 
3 21 14 22 44 17 
3 21 14 22 44 18 
3 21 14 22 44 19 
3 21 14 22 44 20 
3 21 14 22 44 23 
3 21 15 6 34 4 
3 21 15 6 34 5 
3 21 15 6 34 7 
3 21 15 6 34 8 
3 21 15 6 34 9 
3 21 15 6 35 4 
3 21 15 6 35 5 
3 21 15 6 35 7 
3 21 15 6 35 8 
3 21 15 6 35 9 
3 21 15 6 37 4 
3 21 15 6 37 5 
3 21 15 6 37 7 
3 21 15 6 37 8 
3 21 15 6 37 9 
3 21 15 6 47 4 
3 21 15 6 47 5 
3 21 15 6 47 7 
3 21 15 6 47 8 
3 21 15 6 47 9 
3 21 15 9 34 4 
3 21 15 9 34 5 
3 21 15 9 34 6 
3 21 15 9 34 7 
3 21 15 9 34 8 
3 21 15 9 35 4 
3 21 15 9 35 5 
3 21 15 9 35 6 
3 21 15 9 35 7 
3 21 15 9 35 8 
3 21 15 9 37 4 
3 21 15 9 37 5 
3 21 15 9 37 6 
3 21 15 9 37 7 
3 21 15 9 37 8 
3 21 15 9 47 4 
3 21 15 9 47 5 
3 21 15 9 47 6 
3 21 15 9 47 7 
3 21 15 9 47 8 
3 21 15 11 34 4 
3 21 15 11 34 5 
3 21 15 11 34 6 
3 21 15 11 34 7 
3 21 15 11 34 8 
3 21 15 11 34 9 
3 21 15 11 35 4 
3 21 15 11 35 5 
3 21 15 11 35 6 
3 21 15 11 35 7 
3 21 15 11 35 8 
3 21 15 11 35 9 
3 21 15 11 37 4 
3 21 15 11 37 5 
3 21 15 11 37 6 
3 21 15 11 37 7 
3 21 15 11 37 8 
3 21 15 11 37 9 
3 21 15 11 47 4 
3 21 15 11 47 5 
3 21 15 11 47 6 
3 21 15 11 47 7 
3 21 15 11 47 8 
3 21 15 11 47 9 
3 21 15 14 34 4 
3 21 15 14 34 5 
3 21 15 14 34 6 
3 21 15 14 34 7 
3 21 15 14 34 8 
3 21 15 14 34 9 
3 21 15 14 35 4 
3 21 15 14 35 5 
3 21 15 14 35 6 
3 21 15 14 35 7 
3 21 15 14 35 8 
3 21 15 14 35 9 
3 21 15 14 37 4 
3 21 15 14 37 5 
3 21 15 14 37 6 
3 21 15 14 37 7 
3 21 15 14 37 8 
3 21 15 14 37 9 
3 21 15 14 47 4 
3 21 15 14 47 5 
3 21 15 14 47 6 
3 21 15 14 47 7 
3 21 15 14 47 8 
3 21 15 14 47 9 
3 21 15 16 34 4 
3 21 15 16 34 5 
3 21 15 16 34 6 
3 21 15 16 34 7 
3 21 15 16 34 8 
3 21 15 16 34 9 
3 21 15 16 35 4 
3 21 15 16 35 5 
3 21 15 16 35 6 
3 21 15 16 35 7 
3 21 15 16 35 8 
3 21 15 16 35 9 
3 21 15 16 37 4 
3 21 15 16 37 5 
3 21 15 16 37 6 
3 21 15 16 37 7 
3 21 15 16 37 8 
3 21 15 16 37 9 
3 21 15 16 47 4 
3 21 15 16 47 5 
3 21 15 16 47 6 
3 21 15 16 47 7 
3 21 15 16 47 8 
3 21 15 16 47 9 
3 21 15 22 34 4 
3 21 15 22 34 5 
3 21 15 22 34 6 
3 21 15 22 34 7 
3 21 15 22 34 8 
3 21 15 22 34 9 
3 21 15 22 35 4 
3 21 15 22 35 5 
3 21 15 22 35 6 
3 21 15 22 35 7 
3 21 15 22 35 8 
3 21 15 22 35 9 
3 21 15 22 37 4 
3 21 15 22 37 5 
3 21 15 22 37 6 
3 21 15 22 37 7 
3 21 15 22 37 8 
3 21 15 22 37 9 
3 21 15 22 47 4 
3 21 15 22 47 5 
3 21 15 22 47 6 
3 21 15 22 47 7 
3 21 15 22 47 8 
3 21 15 22 47 9 
3 21 16 6 34 17 
3 21 16 6 34 18 
3 21 16 6 34 19 
3 21 16 6 34 20 
3 21 16 6 34 22 
3 21 16 6 34 23 
3 21 16 6 35 17 
3 21 16 6 35 18 
3 21 16 6 35 19 
3 21 16 6 35 20 
3 21 16 6 35 22 
3 21 16 6 35 23 
3 21 16 6 37 17 
3 21 16 6 37 18 
3 21 16 6 37 19 
3 21 16 6 37 20 
3 21 16 6 37 22 
3 21 16 6 37 23 
3 21 16 6 47 17 
3 21 16 6 47 18 
3 21 16 6 47 19 
3 21 16 6 47 20 
3 21 16 6 47 22 
3 21 16 6 47 23 
3 21 16 9 34 17 
3 21 16 9 34 18 
3 21 16 9 34 19 
3 21 16 9 34 20 
3 21 16 9 34 22 
3 21 16 9 34 23 
3 21 16 9 35 17 
3 21 16 9 35 18 
3 21 16 9 35 19 
3 21 16 9 35 20 
3 21 16 9 35 22 
3 21 16 9 35 23 
3 21 16 9 37 17 
3 21 16 9 37 18 
3 21 16 9 37 19 
3 21 16 9 37 20 
3 21 16 9 37 22 
3 21 16 9 37 23 
3 21 16 9 47 17 
3 21 16 9 47 18 
3 21 16 9 47 19 
3 21 16 9 47 20 
3 21 16 9 47 22 
3 21 16 9 47 23 
3 21 16 11 34 17 
3 21 16 11 34 18 
3 21 16 11 34 19 
3 21 16 11 34 20 
3 21 16 11 34 22 
3 21 16 11 34 23 
3 21 16 11 35 17 
3 21 16 11 35 18 
3 21 16 11 35 19 
3 21 16 11 35 20 
3 21 16 11 35 22 
3 21 16 11 35 23 
3 21 16 11 37 17 
3 21 16 11 37 18 
3 21 16 11 37 19 
3 21 16 11 37 20 
3 21 16 11 37 22 
3 21 16 11 37 23 
3 21 16 11 47 17 
3 21 16 11 47 18 
3 21 16 11 47 19 
3 21 16 11 47 20 
3 21 16 11 47 22 
3 21 16 11 47 23 
3 21 16 14 34 17 
3 21 16 14 34 18 
3 21 16 14 34 19 
3 21 16 14 34 20 
3 21 16 14 34 22 
3 21 16 14 34 23 
3 21 16 14 35 17 
3 21 16 14 35 18 
3 21 16 14 35 19 
3 21 16 14 35 20 
3 21 16 14 35 22 
3 21 16 14 35 23 
3 21 16 14 37 17 
3 21 16 14 37 18 
3 21 16 14 37 19 
3 21 16 14 37 20 
3 21 16 14 37 22 
3 21 16 14 37 23 
3 21 16 14 47 17 
3 21 16 14 47 18 
3 21 16 14 47 19 
3 21 16 14 47 20 
3 21 16 14 47 22 
3 21 16 14 47 23 
3 21 16 22 34 17 
3 21 16 22 34 18 
3 21 16 22 34 19 
3 21 16 22 34 20 
3 21 16 22 34 23 
3 21 16 22 35 17 
3 21 16 22 35 18 
3 21 16 22 35 19 
3 21 16 22 35 20 
3 21 16 22 35 23 
3 21 16 22 37 17 
3 21 16 22 37 18 
3 21 16 22 37 19 
3 21 16 22 37 20 
3 21 16 22 37 23 
3 21 16 22 47 17 
3 21 16 22 47 18 
3 21 16 22 47 19 
3 21 16 22 47 20 
3 21 16 22 47 23 
3 22 10 6 31 11 
3 22 10 6 31 12 
3 22 10 6 31 13 
3 22 10 6 31 14 
3 22 10 6 31 15 
3 22 10 6 31 16 
3 22 10 6 32 11 
3 22 10 6 32 12 
3 22 10 6 32 13 
3 22 10 6 32 14 
3 22 10 6 32 15 
3 22 10 6 32 16 
3 22 10 6 33 11 
3 22 10 6 33 12 
3 22 10 6 33 13 
3 22 10 6 33 14 
3 22 10 6 33 15 
3 22 10 6 33 16 
3 22 10 6 34 11 
3 22 10 6 34 12 
3 22 10 6 34 13 
3 22 10 6 34 14 
3 22 10 6 34 15 
3 22 10 6 34 16 
3 22 10 9 31 11 
3 22 10 9 31 12 
3 22 10 9 31 13 
3 22 10 9 31 14 
3 22 10 9 31 15 
3 22 10 9 31 16 
3 22 10 9 32 11 
3 22 10 9 32 12 
3 22 10 9 32 13 
3 22 10 9 32 14 
3 22 10 9 32 15 
3 22 10 9 32 16 
3 22 10 9 33 11 
3 22 10 9 33 12 
3 22 10 9 33 13 
3 22 10 9 33 14 
3 22 10 9 33 15 
3 22 10 9 33 16 
3 22 10 9 34 11 
3 22 10 9 34 12 
3 22 10 9 34 13 
3 22 10 9 34 14 
3 22 10 9 34 15 
3 22 10 9 34 16 
3 22 10 11 31 12 
3 22 10 11 31 13 
3 22 10 11 31 14 
3 22 10 11 31 15 
3 22 10 11 31 16 
3 22 10 11 32 12 
3 22 10 11 32 13 
3 22 10 11 32 14 
3 22 10 11 32 15 
3 22 10 11 32 16 
3 22 10 11 33 12 
3 22 10 11 33 13 
3 22 10 11 33 14 
3 22 10 11 33 15 
3 22 10 11 33 16 
3 22 10 11 34 12 
3 22 10 11 34 13 
3 22 10 11 34 14 
3 22 10 11 34 15 
3 22 10 11 34 16 
3 22 10 14 31 11 
3 22 10 14 31 12 
3 22 10 14 31 13 
3 22 10 14 31 15 
3 22 10 14 31 16 
3 22 10 14 32 11 
3 22 10 14 32 12 
3 22 10 14 32 13 
3 22 10 14 32 15 
3 22 10 14 32 16 
3 22 10 14 33 11 
3 22 10 14 33 12 
3 22 10 14 33 13 
3 22 10 14 33 15 
3 22 10 14 33 16 
3 22 10 14 34 11 
3 22 10 14 34 12 
3 22 10 14 34 13 
3 22 10 14 34 15 
3 22 10 14 34 16 
3 22 10 16 31 11 
3 22 10 16 31 12 
3 22 10 16 31 13 
3 22 10 16 31 14 
3 22 10 16 31 15 
3 22 10 16 32 11 
3 22 10 16 32 12 
3 22 10 16 32 13 
3 22 10 16 32 14 
3 22 10 16 32 15 
3 22 10 16 33 11 
3 22 10 16 33 12 
3 22 10 16 33 13 
3 22 10 16 33 14 
3 22 10 16 33 15 
3 22 10 16 34 11 
3 22 10 16 34 12 
3 22 10 16 34 13 
3 22 10 16 34 14 
3 22 10 16 34 15 
3 22 10 21 31 11 
3 22 10 21 31 12 
3 22 10 21 31 13 
3 22 10 21 31 14 
3 22 10 21 31 15 
3 22 10 21 31 16 
3 22 10 21 32 11 
3 22 10 21 32 12 
3 22 10 21 32 13 
3 22 10 21 32 14 
3 22 10 21 32 15 
3 22 10 21 32 16 
3 22 10 21 33 11 
3 22 10 21 33 12 
3 22 10 21 33 13 
3 22 10 21 33 14 
3 22 10 21 33 15 
3 22 10 21 33 16 
3 22 10 21 34 11 
3 22 10 21 34 12 
3 22 10 21 34 13 
3 22 10 21 34 14 
3 22 10 21 34 15 
3 22 10 21 34 16 
3 22 11 6 24 17 
3 22 11 6 24 18 
3 22 11 6 24 19 
3 22 11 6 24 20 
3 22 11 6 24 21 
3 22 11 6 24 23 
3 22 11 6 28 17 
3 22 11 6 28 18 
3 22 11 6 28 19 
3 22 11 6 28 20 
3 22 11 6 28 21 
3 22 11 6 28 23 
3 22 11 6 38 17 
3 22 11 6 38 18 
3 22 11 6 38 19 
3 22 11 6 38 20 
3 22 11 6 38 21 
3 22 11 6 38 23 
3 22 11 9 24 17 
3 22 11 9 24 18 
3 22 11 9 24 19 
3 22 11 9 24 20 
3 22 11 9 24 21 
3 22 11 9 24 23 
3 22 11 9 28 17 
3 22 11 9 28 18 
3 22 11 9 28 19 
3 22 11 9 28 20 
3 22 11 9 28 21 
3 22 11 9 28 23 
3 22 11 9 38 17 
3 22 11 9 38 18 
3 22 11 9 38 19 
3 22 11 9 38 20 
3 22 11 9 38 21 
3 22 11 9 38 23 
3 22 11 14 24 17 
3 22 11 14 24 18 
3 22 11 14 24 19 
3 22 11 14 24 20 
3 22 11 14 24 21 
3 22 11 14 24 23 
3 22 11 14 28 17 
3 22 11 14 28 18 
3 22 11 14 28 19 
3 22 11 14 28 20 
3 22 11 14 28 21 
3 22 11 14 28 23 
3 22 11 14 38 17 
3 22 11 14 38 18 
3 22 11 14 38 19 
3 22 11 14 38 20 
3 22 11 14 38 21 
3 22 11 14 38 23 
3 22 11 16 24 17 
3 22 11 16 24 18 
3 22 11 16 24 19 
3 22 11 16 24 20 
3 22 11 16 24 21 
3 22 11 16 24 23 
3 22 11 16 28 17 
3 22 11 16 28 18 
3 22 11 16 28 19 
3 22 11 16 28 20 
3 22 11 16 28 21 
3 22 11 16 28 23 
3 22 11 16 38 17 
3 22 11 16 38 18 
3 22 11 16 38 19 
3 22 11 16 38 20 
3 22 11 16 38 21 
3 22 11 16 38 23 
3 22 11 21 24 17 
3 22 11 21 24 18 
3 22 11 21 24 19 
3 22 11 21 24 20 
3 22 11 21 24 23 
3 22 11 21 28 17 
3 22 11 21 28 18 
3 22 11 21 28 19 
3 22 11 21 28 20 
3 22 11 21 28 23 
3 22 11 21 38 17 
3 22 11 21 38 18 
3 22 11 21 38 19 
3 22 11 21 38 20 
3 22 11 21 38 23 
3 22 13 6 46 10 
3 22 13 6 46 11 
3 22 13 6 46 12 
3 22 13 6 46 14 
3 22 13 6 46 15 
3 22 13 6 46 16 
3 22 13 9 46 10 
3 22 13 9 46 11 
3 22 13 9 46 12 
3 22 13 9 46 14 
3 22 13 9 46 15 
3 22 13 9 46 16 
3 22 13 11 46 10 
3 22 13 11 46 12 
3 22 13 11 46 14 
3 22 13 11 46 15 
3 22 13 11 46 16 
3 22 13 14 46 10 
3 22 13 14 46 11 
3 22 13 14 46 12 
3 22 13 14 46 15 
3 22 13 14 46 16 
3 22 13 16 46 10 
3 22 13 16 46 11 
3 22 13 16 46 12 
3 22 13 16 46 14 
3 22 13 16 46 15 
3 22 13 21 46 10 
3 22 13 21 46 11 
3 22 13 21 46 12 
3 22 13 21 46 14 
3 22 13 21 46 15 
3 22 13 21 46 16 
3 22 14 6 46 17 
3 22 14 6 46 18 
3 22 14 6 46 19 
3 22 14 6 46 20 
3 22 14 6 46 21 
3 22 14 6 46 23 
3 22 14 9 46 17 
3 22 14 9 46 18 
3 22 14 9 46 19 
3 22 14 9 46 20 
3 22 14 9 46 21 
3 22 14 9 46 23 
3 22 14 11 46 17 
3 22 14 11 46 18 
3 22 14 11 46 19 
3 22 14 11 46 20 
3 22 14 11 46 21 
3 22 14 11 46 23 
3 22 14 16 46 17 
3 22 14 16 46 18 
3 22 14 16 46 19 
3 22 14 16 46 20 
3 22 14 16 46 21 
3 22 14 16 46 23 
3 22 14 21 46 17 
3 22 14 21 46 18 
3 22 14 21 46 19 
3 22 14 21 46 20 
3 22 14 21 46 23 
3 22 15 6 36 4 
3 22 15 6 36 5 
3 22 15 6 36 7 
3 22 15 6 36 8 
3 22 15 6 36 9 
3 22 15 6 44 4 
3 22 15 6 44 5 
3 22 15 6 44 7 
3 22 15 6 44 8 
3 22 15 6 44 9 
3 22 15 6 47 4 
3 22 15 6 47 5 
3 22 15 6 47 7 
3 22 15 6 47 8 
3 22 15 6 47 9 
3 22 15 9 36 4 
3 22 15 9 36 5 
3 22 15 9 36 6 
3 22 15 9 36 7 
3 22 15 9 36 8 
3 22 15 9 44 4 
3 22 15 9 44 5 
3 22 15 9 44 6 
3 22 15 9 44 7 
3 22 15 9 44 8 
3 22 15 9 47 4 
3 22 15 9 47 5 
3 22 15 9 47 6 
3 22 15 9 47 7 
3 22 15 9 47 8 
3 22 15 11 36 4 
3 22 15 11 36 5 
3 22 15 11 36 6 
3 22 15 11 36 7 
3 22 15 11 36 8 
3 22 15 11 36 9 
3 22 15 11 44 4 
3 22 15 11 44 5 
3 22 15 11 44 6 
3 22 15 11 44 7 
3 22 15 11 44 8 
3 22 15 11 44 9 
3 22 15 11 47 4 
3 22 15 11 47 5 
3 22 15 11 47 6 
3 22 15 11 47 7 
3 22 15 11 47 8 
3 22 15 11 47 9 
3 22 15 14 36 4 
3 22 15 14 36 5 
3 22 15 14 36 6 
3 22 15 14 36 7 
3 22 15 14 36 8 
3 22 15 14 36 9 
3 22 15 14 44 4 
3 22 15 14 44 5 
3 22 15 14 44 6 
3 22 15 14 44 7 
3 22 15 14 44 8 
3 22 15 14 44 9 
3 22 15 14 47 4 
3 22 15 14 47 5 
3 22 15 14 47 6 
3 22 15 14 47 7 
3 22 15 14 47 8 
3 22 15 14 47 9 
3 22 15 16 36 4 
3 22 15 16 36 5 
3 22 15 16 36 6 
3 22 15 16 36 7 
3 22 15 16 36 8 
3 22 15 16 36 9 
3 22 15 16 44 4 
3 22 15 16 44 5 
3 22 15 16 44 6 
3 22 15 16 44 7 
3 22 15 16 44 8 
3 22 15 16 44 9 
3 22 15 16 47 4 
3 22 15 16 47 5 
3 22 15 16 47 6 
3 22 15 16 47 7 
3 22 15 16 47 8 
3 22 15 16 47 9 
3 22 15 21 36 4 
3 22 15 21 36 5 
3 22 15 21 36 6 
3 22 15 21 36 7 
3 22 15 21 36 8 
3 22 15 21 36 9 
3 22 15 21 44 4 
3 22 15 21 44 5 
3 22 15 21 44 6 
3 22 15 21 44 7 
3 22 15 21 44 8 
3 22 15 21 44 9 
3 22 15 21 47 4 
3 22 15 21 47 5 
3 22 15 21 47 6 
3 22 15 21 47 7 
3 22 15 21 47 8 
3 22 15 21 47 9 
3 22 16 6 36 17 
3 22 16 6 36 18 
3 22 16 6 36 19 
3 22 16 6 36 20 
3 22 16 6 36 21 
3 22 16 6 36 23 
3 22 16 6 44 17 
3 22 16 6 44 18 
3 22 16 6 44 19 
3 22 16 6 44 20 
3 22 16 6 44 21 
3 22 16 6 44 23 
3 22 16 6 47 17 
3 22 16 6 47 18 
3 22 16 6 47 19 
3 22 16 6 47 20 
3 22 16 6 47 21 
3 22 16 6 47 23 
3 22 16 9 36 17 
3 22 16 9 36 18 
3 22 16 9 36 19 
3 22 16 9 36 20 
3 22 16 9 36 21 
3 22 16 9 36 23 
3 22 16 9 44 17 
3 22 16 9 44 18 
3 22 16 9 44 19 
3 22 16 9 44 20 
3 22 16 9 44 21 
3 22 16 9 44 23 
3 22 16 9 47 17 
3 22 16 9 47 18 
3 22 16 9 47 19 
3 22 16 9 47 20 
3 22 16 9 47 21 
3 22 16 9 47 23 
3 22 16 11 36 17 
3 22 16 11 36 18 
3 22 16 11 36 19 
3 22 16 11 36 20 
3 22 16 11 36 21 
3 22 16 11 36 23 
3 22 16 11 44 17 
3 22 16 11 44 18 
3 22 16 11 44 19 
3 22 16 11 44 20 
3 22 16 11 44 21 
3 22 16 11 44 23 
3 22 16 11 47 17 
3 22 16 11 47 18 
3 22 16 11 47 19 
3 22 16 11 47 20 
3 22 16 11 47 21 
3 22 16 11 47 23 
3 22 16 14 36 17 
3 22 16 14 36 18 
3 22 16 14 36 19 
3 22 16 14 36 20 
3 22 16 14 36 21 
3 22 16 14 36 23 
3 22 16 14 44 17 
3 22 16 14 44 18 
3 22 16 14 44 19 
3 22 16 14 44 20 
3 22 16 14 44 21 
3 22 16 14 44 23 
3 22 16 14 47 17 
3 22 16 14 47 18 
3 22 16 14 47 19 
3 22 16 14 47 20 
3 22 16 14 47 21 
3 22 16 14 47 23 
3 22 16 21 36 17 
3 22 16 21 36 18 
3 22 16 21 36 19 
3 22 16 21 36 20 
3 22 16 21 36 23 
3 22 16 21 44 17 
3 22 16 21 44 18 
3 22 16 21 44 19 
3 22 16 21 44 20 
3 22 16 21 44 23 
3 22 16 21 47 17 
3 22 16 21 47 18 
3 22 16 21 47 19 
3 22 16 21 47 20 
3 22 16 21 47 23 
