7
2
0
2
1
2 7 4 5 27 6 
2 7 4 5 27 8 
2 7 4 5 27 9 
2 7 4 5 29 6 
2 7 4 5 29 8 
2 7 4 5 29 9 
2 7 4 15 27 5 
2 7 4 15 27 6 
2 7 4 15 27 8 
2 7 4 15 27 9 
2 7 4 15 29 5 
2 7 4 15 29 6 
2 7 4 15 29 8 
2 7 4 15 29 9 
2 7 4 17 27 5 
2 7 4 17 27 6 
2 7 4 17 27 8 
2 7 4 17 27 9 
2 7 4 17 29 5 
2 7 4 17 29 6 
2 7 4 17 29 8 
2 7 4 17 29 9 
2 7 4 19 27 5 
2 7 4 19 27 6 
2 7 4 19 27 8 
2 7 4 19 27 9 
2 7 4 19 29 5 
2 7 4 19 29 6 
2 7 4 19 29 8 
2 7 4 19 29 9 
2 7 4 20 27 5 
2 7 4 20 27 6 
2 7 4 20 27 8 
2 7 4 20 27 9 
2 7 4 20 29 5 
2 7 4 20 29 6 
2 7 4 20 29 8 
2 7 4 20 29 9 
2 7 4 23 27 5 
2 7 4 23 27 6 
2 7 4 23 27 8 
2 7 4 23 27 9 
2 7 4 23 29 5 
2 7 4 23 29 6 
2 7 4 23 29 8 
2 7 4 23 29 9 
2 7 5 4 30 6 
2 7 5 4 30 8 
2 7 5 4 30 9 
2 7 5 4 40 6 
2 7 5 4 40 8 
2 7 5 4 40 9 
2 7 5 4 44 6 
2 7 5 4 44 8 
2 7 5 4 44 9 
2 7 5 15 30 4 
2 7 5 15 30 6 
2 7 5 15 30 8 
2 7 5 15 30 9 
2 7 5 15 40 4 
2 7 5 15 40 6 
2 7 5 15 40 8 
2 7 5 15 40 9 
2 7 5 15 44 4 
2 7 5 15 44 6 
2 7 5 15 44 8 
2 7 5 15 44 9 
2 7 5 17 30 4 
2 7 5 17 30 6 
2 7 5 17 30 8 
2 7 5 17 30 9 
2 7 5 17 40 4 
2 7 5 17 40 6 
2 7 5 17 40 8 
2 7 5 17 40 9 
2 7 5 17 44 4 
2 7 5 17 44 6 
2 7 5 17 44 8 
2 7 5 17 44 9 
2 7 5 19 30 4 
2 7 5 19 30 6 
2 7 5 19 30 8 
2 7 5 19 30 9 
2 7 5 19 40 4 
2 7 5 19 40 6 
2 7 5 19 40 8 
2 7 5 19 40 9 
2 7 5 19 44 4 
2 7 5 19 44 6 
2 7 5 19 44 8 
2 7 5 19 44 9 
2 7 5 20 30 4 
2 7 5 20 30 6 
2 7 5 20 30 8 
2 7 5 20 30 9 
2 7 5 20 40 4 
2 7 5 20 40 6 
2 7 5 20 40 8 
2 7 5 20 40 9 
2 7 5 20 44 4 
2 7 5 20 44 6 
2 7 5 20 44 8 
2 7 5 20 44 9 
2 7 5 23 30 4 
2 7 5 23 30 6 
2 7 5 23 30 8 
2 7 5 23 30 9 
2 7 5 23 40 4 
2 7 5 23 40 6 
2 7 5 23 40 8 
2 7 5 23 40 9 
2 7 5 23 44 4 
2 7 5 23 44 6 
2 7 5 23 44 8 
2 7 5 23 44 9 
2 7 6 4 30 17 
2 7 6 4 30 18 
2 7 6 4 30 19 
2 7 6 4 30 20 
2 7 6 4 30 21 
2 7 6 4 30 22 
2 7 6 4 30 23 
2 7 6 4 40 17 
2 7 6 4 40 18 
2 7 6 4 40 19 
2 7 6 4 40 20 
2 7 6 4 40 21 
2 7 6 4 40 22 
2 7 6 4 40 23 
2 7 6 4 44 17 
2 7 6 4 44 18 
2 7 6 4 44 19 
2 7 6 4 44 20 
2 7 6 4 44 21 
2 7 6 4 44 22 
2 7 6 4 44 23 
2 7 6 5 30 17 
2 7 6 5 30 18 
2 7 6 5 30 19 
2 7 6 5 30 20 
2 7 6 5 30 21 
2 7 6 5 30 22 
2 7 6 5 30 23 
2 7 6 5 40 17 
2 7 6 5 40 18 
2 7 6 5 40 19 
2 7 6 5 40 20 
2 7 6 5 40 21 
2 7 6 5 40 22 
2 7 6 5 40 23 
2 7 6 5 44 17 
2 7 6 5 44 18 
2 7 6 5 44 19 
2 7 6 5 44 20 
2 7 6 5 44 21 
2 7 6 5 44 22 
2 7 6 5 44 23 
2 7 6 15 30 17 
2 7 6 15 30 18 
2 7 6 15 30 19 
2 7 6 15 30 20 
2 7 6 15 30 21 
2 7 6 15 30 22 
2 7 6 15 30 23 
2 7 6 15 40 17 
2 7 6 15 40 18 
2 7 6 15 40 19 
2 7 6 15 40 20 
2 7 6 15 40 21 
2 7 6 15 40 22 
2 7 6 15 40 23 
2 7 6 15 44 17 
2 7 6 15 44 18 
2 7 6 15 44 19 
2 7 6 15 44 20 
2 7 6 15 44 21 
2 7 6 15 44 22 
2 7 6 15 44 23 
2 7 6 17 30 18 
2 7 6 17 30 19 
2 7 6 17 30 20 
2 7 6 17 30 21 
2 7 6 17 30 22 
2 7 6 17 30 23 
2 7 6 17 40 18 
2 7 6 17 40 19 
2 7 6 17 40 20 
2 7 6 17 40 21 
2 7 6 17 40 22 
2 7 6 17 40 23 
2 7 6 17 44 18 
2 7 6 17 44 19 
2 7 6 17 44 20 
2 7 6 17 44 21 
2 7 6 17 44 22 
2 7 6 17 44 23 
2 7 6 19 30 17 
2 7 6 19 30 18 
2 7 6 19 30 20 
2 7 6 19 30 21 
2 7 6 19 30 22 
2 7 6 19 30 23 
2 7 6 19 40 17 
2 7 6 19 40 18 
2 7 6 19 40 20 
2 7 6 19 40 21 
2 7 6 19 40 22 
2 7 6 19 40 23 
2 7 6 19 44 17 
2 7 6 19 44 18 
2 7 6 19 44 20 
2 7 6 19 44 21 
2 7 6 19 44 22 
2 7 6 19 44 23 
2 7 6 20 30 17 
2 7 6 20 30 18 
2 7 6 20 30 19 
2 7 6 20 30 21 
2 7 6 20 30 22 
2 7 6 20 30 23 
2 7 6 20 40 17 
2 7 6 20 40 18 
2 7 6 20 40 19 
2 7 6 20 40 21 
2 7 6 20 40 22 
2 7 6 20 40 23 
2 7 6 20 44 17 
2 7 6 20 44 18 
2 7 6 20 44 19 
2 7 6 20 44 21 
2 7 6 20 44 22 
2 7 6 20 44 23 
2 7 6 23 30 17 
2 7 6 23 30 18 
2 7 6 23 30 19 
2 7 6 23 30 20 
2 7 6 23 30 21 
2 7 6 23 30 22 
2 7 6 23 40 17 
2 7 6 23 40 18 
2 7 6 23 40 19 
2 7 6 23 40 20 
2 7 6 23 40 21 
2 7 6 23 40 22 
2 7 6 23 44 17 
2 7 6 23 44 18 
2 7 6 23 44 19 
2 7 6 23 44 20 
2 7 6 23 44 21 
2 7 6 23 44 22 
2 7 8 4 32 10 
2 7 8 4 32 11 
2 7 8 4 32 12 
2 7 8 4 32 13 
2 7 8 4 32 14 
2 7 8 4 32 15 
2 7 8 4 32 16 
2 7 8 4 38 10 
2 7 8 4 38 11 
2 7 8 4 38 12 
2 7 8 4 38 13 
2 7 8 4 38 14 
2 7 8 4 38 15 
2 7 8 4 38 16 
2 7 8 4 45 10 
2 7 8 4 45 11 
2 7 8 4 45 12 
2 7 8 4 45 13 
2 7 8 4 45 14 
2 7 8 4 45 15 
2 7 8 4 45 16 
2 7 8 4 46 10 
2 7 8 4 46 11 
2 7 8 4 46 12 
2 7 8 4 46 13 
2 7 8 4 46 14 
2 7 8 4 46 15 
2 7 8 4 46 16 
2 7 8 5 32 10 
2 7 8 5 32 11 
2 7 8 5 32 12 
2 7 8 5 32 13 
2 7 8 5 32 14 
2 7 8 5 32 15 
2 7 8 5 32 16 
2 7 8 5 38 10 
2 7 8 5 38 11 
2 7 8 5 38 12 
2 7 8 5 38 13 
2 7 8 5 38 14 
2 7 8 5 38 15 
2 7 8 5 38 16 
2 7 8 5 45 10 
2 7 8 5 45 11 
2 7 8 5 45 12 
2 7 8 5 45 13 
2 7 8 5 45 14 
2 7 8 5 45 15 
2 7 8 5 45 16 
2 7 8 5 46 10 
2 7 8 5 46 11 
2 7 8 5 46 12 
2 7 8 5 46 13 
2 7 8 5 46 14 
2 7 8 5 46 15 
2 7 8 5 46 16 
2 7 8 15 32 10 
2 7 8 15 32 11 
2 7 8 15 32 12 
2 7 8 15 32 13 
2 7 8 15 32 14 
2 7 8 15 32 16 
2 7 8 15 38 10 
2 7 8 15 38 11 
2 7 8 15 38 12 
2 7 8 15 38 13 
2 7 8 15 38 14 
2 7 8 15 38 16 
2 7 8 15 45 10 
2 7 8 15 45 11 
2 7 8 15 45 12 
2 7 8 15 45 13 
2 7 8 15 45 14 
2 7 8 15 45 16 
2 7 8 15 46 10 
2 7 8 15 46 11 
2 7 8 15 46 12 
2 7 8 15 46 13 
2 7 8 15 46 14 
2 7 8 15 46 16 
2 7 8 17 32 10 
2 7 8 17 32 11 
2 7 8 17 32 12 
2 7 8 17 32 13 
2 7 8 17 32 14 
2 7 8 17 32 15 
2 7 8 17 32 16 
2 7 8 17 38 10 
2 7 8 17 38 11 
2 7 8 17 38 12 
2 7 8 17 38 13 
2 7 8 17 38 14 
2 7 8 17 38 15 
2 7 8 17 38 16 
2 7 8 17 45 10 
2 7 8 17 45 11 
2 7 8 17 45 12 
2 7 8 17 45 13 
2 7 8 17 45 14 
2 7 8 17 45 15 
2 7 8 17 45 16 
2 7 8 17 46 10 
2 7 8 17 46 11 
2 7 8 17 46 12 
2 7 8 17 46 13 
2 7 8 17 46 14 
2 7 8 17 46 15 
2 7 8 17 46 16 
2 7 8 19 32 10 
2 7 8 19 32 11 
2 7 8 19 32 12 
2 7 8 19 32 13 
2 7 8 19 32 14 
2 7 8 19 32 15 
2 7 8 19 32 16 
2 7 8 19 38 10 
2 7 8 19 38 11 
2 7 8 19 38 12 
2 7 8 19 38 13 
2 7 8 19 38 14 
2 7 8 19 38 15 
2 7 8 19 38 16 
2 7 8 19 45 10 
2 7 8 19 45 11 
2 7 8 19 45 12 
2 7 8 19 45 13 
2 7 8 19 45 14 
2 7 8 19 45 15 
2 7 8 19 45 16 
2 7 8 19 46 10 
2 7 8 19 46 11 
2 7 8 19 46 12 
2 7 8 19 46 13 
2 7 8 19 46 14 
2 7 8 19 46 15 
2 7 8 19 46 16 
2 7 8 20 32 10 
2 7 8 20 32 11 
2 7 8 20 32 12 
2 7 8 20 32 13 
2 7 8 20 32 14 
2 7 8 20 32 15 
2 7 8 20 32 16 
2 7 8 20 38 10 
2 7 8 20 38 11 
2 7 8 20 38 12 
2 7 8 20 38 13 
2 7 8 20 38 14 
2 7 8 20 38 15 
2 7 8 20 38 16 
2 7 8 20 45 10 
2 7 8 20 45 11 
2 7 8 20 45 12 
2 7 8 20 45 13 
2 7 8 20 45 14 
2 7 8 20 45 15 
2 7 8 20 45 16 
2 7 8 20 46 10 
2 7 8 20 46 11 
2 7 8 20 46 12 
2 7 8 20 46 13 
2 7 8 20 46 14 
2 7 8 20 46 15 
2 7 8 20 46 16 
2 7 8 23 32 10 
2 7 8 23 32 11 
2 7 8 23 32 12 
2 7 8 23 32 13 
2 7 8 23 32 14 
2 7 8 23 32 15 
2 7 8 23 32 16 
2 7 8 23 38 10 
2 7 8 23 38 11 
2 7 8 23 38 12 
2 7 8 23 38 13 
2 7 8 23 38 14 
2 7 8 23 38 15 
2 7 8 23 38 16 
2 7 8 23 45 10 
2 7 8 23 45 11 
2 7 8 23 45 12 
2 7 8 23 45 13 
2 7 8 23 45 14 
2 7 8 23 45 15 
2 7 8 23 45 16 
2 7 8 23 46 10 
2 7 8 23 46 11 
2 7 8 23 46 12 
2 7 8 23 46 13 
2 7 8 23 46 14 
2 7 8 23 46 15 
2 7 8 23 46 16 
2 7 9 4 32 17 
2 7 9 4 32 18 
2 7 9 4 32 19 
2 7 9 4 32 20 
2 7 9 4 32 21 
2 7 9 4 32 22 
2 7 9 4 32 23 
2 7 9 4 38 17 
2 7 9 4 38 18 
2 7 9 4 38 19 
2 7 9 4 38 20 
2 7 9 4 38 21 
2 7 9 4 38 22 
2 7 9 4 38 23 
2 7 9 4 45 17 
2 7 9 4 45 18 
2 7 9 4 45 19 
2 7 9 4 45 20 
2 7 9 4 45 21 
2 7 9 4 45 22 
2 7 9 4 45 23 
2 7 9 4 46 17 
2 7 9 4 46 18 
2 7 9 4 46 19 
2 7 9 4 46 20 
2 7 9 4 46 21 
2 7 9 4 46 22 
2 7 9 4 46 23 
2 7 9 5 32 17 
2 7 9 5 32 18 
2 7 9 5 32 19 
2 7 9 5 32 20 
2 7 9 5 32 21 
2 7 9 5 32 22 
2 7 9 5 32 23 
2 7 9 5 38 17 
2 7 9 5 38 18 
2 7 9 5 38 19 
2 7 9 5 38 20 
2 7 9 5 38 21 
2 7 9 5 38 22 
2 7 9 5 38 23 
2 7 9 5 45 17 
2 7 9 5 45 18 
2 7 9 5 45 19 
2 7 9 5 45 20 
2 7 9 5 45 21 
2 7 9 5 45 22 
2 7 9 5 45 23 
2 7 9 5 46 17 
2 7 9 5 46 18 
2 7 9 5 46 19 
2 7 9 5 46 20 
2 7 9 5 46 21 
2 7 9 5 46 22 
2 7 9 5 46 23 
2 7 9 15 32 17 
2 7 9 15 32 18 
2 7 9 15 32 19 
2 7 9 15 32 20 
2 7 9 15 32 21 
2 7 9 15 32 22 
2 7 9 15 32 23 
2 7 9 15 38 17 
2 7 9 15 38 18 
2 7 9 15 38 19 
2 7 9 15 38 20 
2 7 9 15 38 21 
2 7 9 15 38 22 
2 7 9 15 38 23 
2 7 9 15 45 17 
2 7 9 15 45 18 
2 7 9 15 45 19 
2 7 9 15 45 20 
2 7 9 15 45 21 
2 7 9 15 45 22 
2 7 9 15 45 23 
2 7 9 15 46 17 
2 7 9 15 46 18 
2 7 9 15 46 19 
2 7 9 15 46 20 
2 7 9 15 46 21 
2 7 9 15 46 22 
2 7 9 15 46 23 
2 7 9 17 32 18 
2 7 9 17 32 19 
2 7 9 17 32 20 
2 7 9 17 32 21 
2 7 9 17 32 22 
2 7 9 17 32 23 
2 7 9 17 38 18 
2 7 9 17 38 19 
2 7 9 17 38 20 
2 7 9 17 38 21 
2 7 9 17 38 22 
2 7 9 17 38 23 
2 7 9 17 45 18 
2 7 9 17 45 19 
2 7 9 17 45 20 
2 7 9 17 45 21 
2 7 9 17 45 22 
2 7 9 17 45 23 
2 7 9 17 46 18 
2 7 9 17 46 19 
2 7 9 17 46 20 
2 7 9 17 46 21 
2 7 9 17 46 22 
2 7 9 17 46 23 
2 7 9 19 32 17 
2 7 9 19 32 18 
2 7 9 19 32 20 
2 7 9 19 32 21 
2 7 9 19 32 22 
2 7 9 19 32 23 
2 7 9 19 38 17 
2 7 9 19 38 18 
2 7 9 19 38 20 
2 7 9 19 38 21 
2 7 9 19 38 22 
2 7 9 19 38 23 
2 7 9 19 45 17 
2 7 9 19 45 18 
2 7 9 19 45 20 
2 7 9 19 45 21 
2 7 9 19 45 22 
2 7 9 19 45 23 
2 7 9 19 46 17 
2 7 9 19 46 18 
2 7 9 19 46 20 
2 7 9 19 46 21 
2 7 9 19 46 22 
2 7 9 19 46 23 
2 7 9 20 32 17 
2 7 9 20 32 18 
2 7 9 20 32 19 
2 7 9 20 32 21 
2 7 9 20 32 22 
2 7 9 20 32 23 
2 7 9 20 38 17 
2 7 9 20 38 18 
2 7 9 20 38 19 
2 7 9 20 38 21 
2 7 9 20 38 22 
2 7 9 20 38 23 
2 7 9 20 45 17 
2 7 9 20 45 18 
2 7 9 20 45 19 
2 7 9 20 45 21 
2 7 9 20 45 22 
2 7 9 20 45 23 
2 7 9 20 46 17 
2 7 9 20 46 18 
2 7 9 20 46 19 
2 7 9 20 46 21 
2 7 9 20 46 22 
2 7 9 20 46 23 
2 7 9 23 32 17 
2 7 9 23 32 18 
2 7 9 23 32 19 
2 7 9 23 32 20 
2 7 9 23 32 21 
2 7 9 23 32 22 
2 7 9 23 38 17 
2 7 9 23 38 18 
2 7 9 23 38 19 
2 7 9 23 38 20 
2 7 9 23 38 21 
2 7 9 23 38 22 
2 7 9 23 45 17 
2 7 9 23 45 18 
2 7 9 23 45 19 
2 7 9 23 45 20 
2 7 9 23 45 21 
2 7 9 23 45 22 
2 7 9 23 46 17 
2 7 9 23 46 18 
2 7 9 23 46 19 
2 7 9 23 46 20 
2 7 9 23 46 21 
2 7 9 23 46 22 
2 8 4 5 24 6 
2 8 4 5 24 7 
2 8 4 5 24 9 
2 8 4 5 28 6 
2 8 4 5 28 7 
2 8 4 5 28 9 
2 8 4 5 38 6 
2 8 4 5 38 7 
2 8 4 5 38 9 
2 8 4 15 24 5 
2 8 4 15 24 6 
2 8 4 15 24 7 
2 8 4 15 24 9 
2 8 4 15 28 5 
2 8 4 15 28 6 
2 8 4 15 28 7 
2 8 4 15 28 9 
2 8 4 15 38 5 
2 8 4 15 38 6 
2 8 4 15 38 7 
2 8 4 15 38 9 
2 8 4 17 24 5 
2 8 4 17 24 6 
2 8 4 17 24 7 
2 8 4 17 24 9 
2 8 4 17 28 5 
2 8 4 17 28 6 
2 8 4 17 28 7 
2 8 4 17 28 9 
2 8 4 17 38 5 
2 8 4 17 38 6 
2 8 4 17 38 7 
2 8 4 17 38 9 
2 8 4 19 24 5 
2 8 4 19 24 6 
2 8 4 19 24 7 
2 8 4 19 24 9 
2 8 4 19 28 5 
2 8 4 19 28 6 
2 8 4 19 28 7 
2 8 4 19 28 9 
2 8 4 19 38 5 
2 8 4 19 38 6 
2 8 4 19 38 7 
2 8 4 19 38 9 
2 8 4 20 24 5 
2 8 4 20 24 6 
2 8 4 20 24 7 
2 8 4 20 24 9 
2 8 4 20 28 5 
2 8 4 20 28 6 
2 8 4 20 28 7 
2 8 4 20 28 9 
2 8 4 20 38 5 
2 8 4 20 38 6 
2 8 4 20 38 7 
2 8 4 20 38 9 
2 8 4 23 24 5 
2 8 4 23 24 6 
2 8 4 23 24 7 
2 8 4 23 24 9 
2 8 4 23 28 5 
2 8 4 23 28 6 
2 8 4 23 28 7 
2 8 4 23 28 9 
2 8 4 23 38 5 
2 8 4 23 38 6 
2 8 4 23 38 7 
2 8 4 23 38 9 
2 8 5 4 35 6 
2 8 5 4 35 7 
2 8 5 4 35 9 
2 8 5 4 41 6 
2 8 5 4 41 7 
2 8 5 4 41 9 
2 8 5 4 45 6 
2 8 5 4 45 7 
2 8 5 4 45 9 
2 8 5 4 46 6 
2 8 5 4 46 7 
2 8 5 4 46 9 
2 8 5 15 35 4 
2 8 5 15 35 6 
2 8 5 15 35 7 
2 8 5 15 35 9 
2 8 5 15 41 4 
2 8 5 15 41 6 
2 8 5 15 41 7 
2 8 5 15 41 9 
2 8 5 15 45 4 
2 8 5 15 45 6 
2 8 5 15 45 7 
2 8 5 15 45 9 
2 8 5 15 46 4 
2 8 5 15 46 6 
2 8 5 15 46 7 
2 8 5 15 46 9 
2 8 5 17 35 4 
2 8 5 17 35 6 
2 8 5 17 35 7 
2 8 5 17 35 9 
2 8 5 17 41 4 
2 8 5 17 41 6 
2 8 5 17 41 7 
2 8 5 17 41 9 
2 8 5 17 45 4 
2 8 5 17 45 6 
2 8 5 17 45 7 
2 8 5 17 45 9 
2 8 5 17 46 4 
2 8 5 17 46 6 
2 8 5 17 46 7 
2 8 5 17 46 9 
2 8 5 19 35 4 
2 8 5 19 35 6 
2 8 5 19 35 7 
2 8 5 19 35 9 
2 8 5 19 41 4 
2 8 5 19 41 6 
2 8 5 19 41 7 
2 8 5 19 41 9 
2 8 5 19 45 4 
2 8 5 19 45 6 
2 8 5 19 45 7 
2 8 5 19 45 9 
2 8 5 19 46 4 
2 8 5 19 46 6 
2 8 5 19 46 7 
2 8 5 19 46 9 
2 8 5 20 35 4 
2 8 5 20 35 6 
2 8 5 20 35 7 
2 8 5 20 35 9 
2 8 5 20 41 4 
2 8 5 20 41 6 
2 8 5 20 41 7 
2 8 5 20 41 9 
2 8 5 20 45 4 
2 8 5 20 45 6 
2 8 5 20 45 7 
2 8 5 20 45 9 
2 8 5 20 46 4 
2 8 5 20 46 6 
2 8 5 20 46 7 
2 8 5 20 46 9 
2 8 5 23 35 4 
2 8 5 23 35 6 
2 8 5 23 35 7 
2 8 5 23 35 9 
2 8 5 23 41 4 
2 8 5 23 41 6 
2 8 5 23 41 7 
2 8 5 23 41 9 
2 8 5 23 45 4 
2 8 5 23 45 6 
2 8 5 23 45 7 
2 8 5 23 45 9 
2 8 5 23 46 4 
2 8 5 23 46 6 
2 8 5 23 46 7 
2 8 5 23 46 9 
2 8 6 4 35 17 
2 8 6 4 35 18 
2 8 6 4 35 19 
2 8 6 4 35 20 
2 8 6 4 35 21 
2 8 6 4 35 22 
2 8 6 4 35 23 
2 8 6 4 41 17 
2 8 6 4 41 18 
2 8 6 4 41 19 
2 8 6 4 41 20 
2 8 6 4 41 21 
2 8 6 4 41 22 
2 8 6 4 41 23 
2 8 6 4 45 17 
2 8 6 4 45 18 
2 8 6 4 45 19 
2 8 6 4 45 20 
2 8 6 4 45 21 
2 8 6 4 45 22 
2 8 6 4 45 23 
2 8 6 4 46 17 
2 8 6 4 46 18 
2 8 6 4 46 19 
2 8 6 4 46 20 
2 8 6 4 46 21 
2 8 6 4 46 22 
2 8 6 4 46 23 
2 8 6 5 35 17 
2 8 6 5 35 18 
2 8 6 5 35 19 
2 8 6 5 35 20 
2 8 6 5 35 21 
2 8 6 5 35 22 
2 8 6 5 35 23 
2 8 6 5 41 17 
2 8 6 5 41 18 
2 8 6 5 41 19 
2 8 6 5 41 20 
2 8 6 5 41 21 
2 8 6 5 41 22 
2 8 6 5 41 23 
2 8 6 5 45 17 
2 8 6 5 45 18 
2 8 6 5 45 19 
2 8 6 5 45 20 
2 8 6 5 45 21 
2 8 6 5 45 22 
2 8 6 5 45 23 
2 8 6 5 46 17 
2 8 6 5 46 18 
2 8 6 5 46 19 
2 8 6 5 46 20 
2 8 6 5 46 21 
2 8 6 5 46 22 
2 8 6 5 46 23 
2 8 6 15 35 17 
2 8 6 15 35 18 
2 8 6 15 35 19 
2 8 6 15 35 20 
2 8 6 15 35 21 
2 8 6 15 35 22 
2 8 6 15 35 23 
2 8 6 15 41 17 
2 8 6 15 41 18 
2 8 6 15 41 19 
2 8 6 15 41 20 
2 8 6 15 41 21 
2 8 6 15 41 22 
2 8 6 15 41 23 
2 8 6 15 45 17 
2 8 6 15 45 18 
2 8 6 15 45 19 
2 8 6 15 45 20 
2 8 6 15 45 21 
2 8 6 15 45 22 
2 8 6 15 45 23 
2 8 6 15 46 17 
2 8 6 15 46 18 
2 8 6 15 46 19 
2 8 6 15 46 20 
2 8 6 15 46 21 
2 8 6 15 46 22 
2 8 6 15 46 23 
2 8 6 17 35 18 
2 8 6 17 35 19 
2 8 6 17 35 20 
2 8 6 17 35 21 
2 8 6 17 35 22 
2 8 6 17 35 23 
2 8 6 17 41 18 
2 8 6 17 41 19 
2 8 6 17 41 20 
2 8 6 17 41 21 
2 8 6 17 41 22 
2 8 6 17 41 23 
2 8 6 17 45 18 
2 8 6 17 45 19 
2 8 6 17 45 20 
2 8 6 17 45 21 
2 8 6 17 45 22 
2 8 6 17 45 23 
2 8 6 17 46 18 
2 8 6 17 46 19 
2 8 6 17 46 20 
2 8 6 17 46 21 
2 8 6 17 46 22 
2 8 6 17 46 23 
2 8 6 19 35 17 
2 8 6 19 35 18 
2 8 6 19 35 20 
2 8 6 19 35 21 
2 8 6 19 35 22 
2 8 6 19 35 23 
2 8 6 19 41 17 
2 8 6 19 41 18 
2 8 6 19 41 20 
2 8 6 19 41 21 
2 8 6 19 41 22 
2 8 6 19 41 23 
2 8 6 19 45 17 
2 8 6 19 45 18 
2 8 6 19 45 20 
2 8 6 19 45 21 
2 8 6 19 45 22 
2 8 6 19 45 23 
2 8 6 19 46 17 
2 8 6 19 46 18 
2 8 6 19 46 20 
2 8 6 19 46 21 
2 8 6 19 46 22 
2 8 6 19 46 23 
2 8 6 20 35 17 
2 8 6 20 35 18 
2 8 6 20 35 19 
2 8 6 20 35 21 
2 8 6 20 35 22 
2 8 6 20 35 23 
2 8 6 20 41 17 
2 8 6 20 41 18 
2 8 6 20 41 19 
2 8 6 20 41 21 
2 8 6 20 41 22 
2 8 6 20 41 23 
2 8 6 20 45 17 
2 8 6 20 45 18 
2 8 6 20 45 19 
2 8 6 20 45 21 
2 8 6 20 45 22 
2 8 6 20 45 23 
2 8 6 20 46 17 
2 8 6 20 46 18 
2 8 6 20 46 19 
2 8 6 20 46 21 
2 8 6 20 46 22 
2 8 6 20 46 23 
2 8 6 23 35 17 
2 8 6 23 35 18 
2 8 6 23 35 19 
2 8 6 23 35 20 
2 8 6 23 35 21 
2 8 6 23 35 22 
2 8 6 23 41 17 
2 8 6 23 41 18 
2 8 6 23 41 19 
2 8 6 23 41 20 
2 8 6 23 41 21 
2 8 6 23 41 22 
2 8 6 23 45 17 
2 8 6 23 45 18 
2 8 6 23 45 19 
2 8 6 23 45 20 
2 8 6 23 45 21 
2 8 6 23 45 22 
2 8 6 23 46 17 
2 8 6 23 46 18 
2 8 6 23 46 19 
2 8 6 23 46 20 
2 8 6 23 46 21 
2 8 6 23 46 22 
2 8 9 4 46 17 
2 8 9 4 46 18 
2 8 9 4 46 19 
2 8 9 4 46 20 
2 8 9 4 46 21 
2 8 9 4 46 22 
2 8 9 4 46 23 
2 8 9 5 46 17 
2 8 9 5 46 18 
2 8 9 5 46 19 
2 8 9 5 46 20 
2 8 9 5 46 21 
2 8 9 5 46 22 
2 8 9 5 46 23 
2 8 9 15 46 17 
2 8 9 15 46 18 
2 8 9 15 46 19 
2 8 9 15 46 20 
2 8 9 15 46 21 
2 8 9 15 46 22 
2 8 9 15 46 23 
2 8 9 17 46 18 
2 8 9 17 46 19 
2 8 9 17 46 20 
2 8 9 17 46 21 
2 8 9 17 46 22 
2 8 9 17 46 23 
2 8 9 19 46 17 
2 8 9 19 46 18 
2 8 9 19 46 20 
2 8 9 19 46 21 
2 8 9 19 46 22 
2 8 9 19 46 23 
2 8 9 20 46 17 
2 8 9 20 46 18 
2 8 9 20 46 19 
2 8 9 20 46 21 
2 8 9 20 46 22 
2 8 9 20 46 23 
2 8 9 23 46 17 
2 8 9 23 46 18 
2 8 9 23 46 19 
2 8 9 23 46 20 
2 8 9 23 46 21 
2 8 9 23 46 22 
2 10 4 7 25 5 
2 10 4 7 25 6 
2 10 4 7 25 8 
2 10 4 7 25 9 
2 10 4 7 28 5 
2 10 4 7 28 6 
2 10 4 7 28 8 
2 10 4 7 28 9 
2 10 4 7 33 5 
2 10 4 7 33 6 
2 10 4 7 33 8 
2 10 4 7 33 9 
2 10 4 7 36 5 
2 10 4 7 36 6 
2 10 4 7 36 8 
2 10 4 7 36 9 
2 10 4 8 25 5 
2 10 4 8 25 6 
2 10 4 8 25 7 
2 10 4 8 25 9 
2 10 4 8 28 5 
2 10 4 8 28 6 
2 10 4 8 28 7 
2 10 4 8 28 9 
2 10 4 8 33 5 
2 10 4 8 33 6 
2 10 4 8 33 7 
2 10 4 8 33 9 
2 10 4 8 36 5 
2 10 4 8 36 6 
2 10 4 8 36 7 
2 10 4 8 36 9 
2 10 4 12 25 5 
2 10 4 12 25 6 
2 10 4 12 25 7 
2 10 4 12 25 8 
2 10 4 12 25 9 
2 10 4 12 28 5 
2 10 4 12 28 6 
2 10 4 12 28 7 
2 10 4 12 28 8 
2 10 4 12 28 9 
2 10 4 12 33 5 
2 10 4 12 33 6 
2 10 4 12 33 7 
2 10 4 12 33 8 
2 10 4 12 33 9 
2 10 4 12 36 5 
2 10 4 12 36 6 
2 10 4 12 36 7 
2 10 4 12 36 8 
2 10 4 12 36 9 
2 10 4 13 25 5 
2 10 4 13 25 6 
2 10 4 13 25 7 
2 10 4 13 25 8 
2 10 4 13 25 9 
2 10 4 13 28 5 
2 10 4 13 28 6 
2 10 4 13 28 7 
2 10 4 13 28 8 
2 10 4 13 28 9 
2 10 4 13 33 5 
2 10 4 13 33 6 
2 10 4 13 33 7 
2 10 4 13 33 8 
2 10 4 13 33 9 
2 10 4 13 36 5 
2 10 4 13 36 6 
2 10 4 13 36 7 
2 10 4 13 36 8 
2 10 4 13 36 9 
2 10 4 18 25 5 
2 10 4 18 25 6 
2 10 4 18 25 7 
2 10 4 18 25 8 
2 10 4 18 25 9 
2 10 4 18 28 5 
2 10 4 18 28 6 
2 10 4 18 28 7 
2 10 4 18 28 8 
2 10 4 18 28 9 
2 10 4 18 33 5 
2 10 4 18 33 6 
2 10 4 18 33 7 
2 10 4 18 33 8 
2 10 4 18 33 9 
2 10 4 18 36 5 
2 10 4 18 36 6 
2 10 4 18 36 7 
2 10 4 18 36 8 
2 10 4 18 36 9 
2 10 5 7 30 4 
2 10 5 7 30 6 
2 10 5 7 30 8 
2 10 5 7 30 9 
2 10 5 7 34 4 
2 10 5 7 34 6 
2 10 5 7 34 8 
2 10 5 7 34 9 
2 10 5 7 37 4 
2 10 5 7 37 6 
2 10 5 7 37 8 
2 10 5 7 37 9 
2 10 5 8 30 4 
2 10 5 8 30 6 
2 10 5 8 30 7 
2 10 5 8 30 9 
2 10 5 8 34 4 
2 10 5 8 34 6 
2 10 5 8 34 7 
2 10 5 8 34 9 
2 10 5 8 37 4 
2 10 5 8 37 6 
2 10 5 8 37 7 
2 10 5 8 37 9 
2 10 5 12 30 4 
2 10 5 12 30 6 
2 10 5 12 30 7 
2 10 5 12 30 8 
2 10 5 12 30 9 
2 10 5 12 34 4 
2 10 5 12 34 6 
2 10 5 12 34 7 
2 10 5 12 34 8 
2 10 5 12 34 9 
2 10 5 12 37 4 
2 10 5 12 37 6 
2 10 5 12 37 7 
2 10 5 12 37 8 
2 10 5 12 37 9 
2 10 5 13 30 4 
2 10 5 13 30 6 
2 10 5 13 30 7 
2 10 5 13 30 8 
2 10 5 13 30 9 
2 10 5 13 34 4 
2 10 5 13 34 6 
2 10 5 13 34 7 
2 10 5 13 34 8 
2 10 5 13 34 9 
2 10 5 13 37 4 
2 10 5 13 37 6 
2 10 5 13 37 7 
2 10 5 13 37 8 
2 10 5 13 37 9 
2 10 5 18 30 4 
2 10 5 18 30 6 
2 10 5 18 30 7 
2 10 5 18 30 8 
2 10 5 18 30 9 
2 10 5 18 34 4 
2 10 5 18 34 6 
2 10 5 18 34 7 
2 10 5 18 34 8 
2 10 5 18 34 9 
2 10 5 18 37 4 
2 10 5 18 37 6 
2 10 5 18 37 7 
2 10 5 18 37 8 
2 10 5 18 37 9 
2 10 6 7 30 17 
2 10 6 7 30 18 
2 10 6 7 30 19 
2 10 6 7 30 20 
2 10 6 7 30 21 
2 10 6 7 30 22 
2 10 6 7 30 23 
2 10 6 7 34 17 
2 10 6 7 34 18 
2 10 6 7 34 19 
2 10 6 7 34 20 
2 10 6 7 34 21 
2 10 6 7 34 22 
2 10 6 7 34 23 
2 10 6 7 37 17 
2 10 6 7 37 18 
2 10 6 7 37 19 
2 10 6 7 37 20 
2 10 6 7 37 21 
2 10 6 7 37 22 
2 10 6 7 37 23 
2 10 6 8 30 17 
2 10 6 8 30 18 
2 10 6 8 30 19 
2 10 6 8 30 20 
2 10 6 8 30 21 
2 10 6 8 30 22 
2 10 6 8 30 23 
2 10 6 8 34 17 
2 10 6 8 34 18 
2 10 6 8 34 19 
2 10 6 8 34 20 
2 10 6 8 34 21 
2 10 6 8 34 22 
2 10 6 8 34 23 
2 10 6 8 37 17 
2 10 6 8 37 18 
2 10 6 8 37 19 
2 10 6 8 37 20 
2 10 6 8 37 21 
2 10 6 8 37 22 
2 10 6 8 37 23 
2 10 6 12 30 17 
2 10 6 12 30 18 
2 10 6 12 30 19 
2 10 6 12 30 20 
2 10 6 12 30 21 
2 10 6 12 30 22 
2 10 6 12 30 23 
2 10 6 12 34 17 
2 10 6 12 34 18 
2 10 6 12 34 19 
2 10 6 12 34 20 
2 10 6 12 34 21 
2 10 6 12 34 22 
2 10 6 12 34 23 
2 10 6 12 37 17 
2 10 6 12 37 18 
2 10 6 12 37 19 
2 10 6 12 37 20 
2 10 6 12 37 21 
2 10 6 12 37 22 
2 10 6 12 37 23 
2 10 6 13 30 17 
2 10 6 13 30 18 
2 10 6 13 30 19 
2 10 6 13 30 20 
2 10 6 13 30 21 
2 10 6 13 30 22 
2 10 6 13 30 23 
2 10 6 13 34 17 
2 10 6 13 34 18 
2 10 6 13 34 19 
2 10 6 13 34 20 
2 10 6 13 34 21 
2 10 6 13 34 22 
2 10 6 13 34 23 
2 10 6 13 37 17 
2 10 6 13 37 18 
2 10 6 13 37 19 
2 10 6 13 37 20 
2 10 6 13 37 21 
2 10 6 13 37 22 
2 10 6 13 37 23 
2 10 6 18 30 17 
2 10 6 18 30 19 
2 10 6 18 30 20 
2 10 6 18 30 21 
2 10 6 18 30 22 
2 10 6 18 30 23 
2 10 6 18 34 17 
2 10 6 18 34 19 
2 10 6 18 34 20 
2 10 6 18 34 21 
2 10 6 18 34 22 
2 10 6 18 34 23 
2 10 6 18 37 17 
2 10 6 18 37 19 
2 10 6 18 37 20 
2 10 6 18 37 21 
2 10 6 18 37 22 
2 10 6 18 37 23 
2 10 7 8 26 11 
2 10 7 8 26 12 
2 10 7 8 26 13 
2 10 7 8 26 14 
2 10 7 8 26 15 
2 10 7 8 26 16 
2 10 7 8 27 11 
2 10 7 8 27 12 
2 10 7 8 27 13 
2 10 7 8 27 14 
2 10 7 8 27 15 
2 10 7 8 27 16 
2 10 7 8 29 11 
2 10 7 8 29 12 
2 10 7 8 29 13 
2 10 7 8 29 14 
2 10 7 8 29 15 
2 10 7 8 29 16 
2 10 7 8 32 11 
2 10 7 8 32 12 
2 10 7 8 32 13 
2 10 7 8 32 14 
2 10 7 8 32 15 
2 10 7 8 32 16 
2 10 7 12 26 11 
2 10 7 12 26 13 
2 10 7 12 26 14 
2 10 7 12 26 15 
2 10 7 12 26 16 
2 10 7 12 27 11 
2 10 7 12 27 13 
2 10 7 12 27 14 
2 10 7 12 27 15 
2 10 7 12 27 16 
2 10 7 12 29 11 
2 10 7 12 29 13 
2 10 7 12 29 14 
2 10 7 12 29 15 
2 10 7 12 29 16 
2 10 7 12 32 11 
2 10 7 12 32 13 
2 10 7 12 32 14 
2 10 7 12 32 15 
2 10 7 12 32 16 
2 10 7 13 26 11 
2 10 7 13 26 12 
2 10 7 13 26 14 
2 10 7 13 26 15 
2 10 7 13 26 16 
2 10 7 13 27 11 
2 10 7 13 27 12 
2 10 7 13 27 14 
2 10 7 13 27 15 
2 10 7 13 27 16 
2 10 7 13 29 11 
2 10 7 13 29 12 
2 10 7 13 29 14 
2 10 7 13 29 15 
2 10 7 13 29 16 
2 10 7 13 32 11 
2 10 7 13 32 12 
2 10 7 13 32 14 
2 10 7 13 32 15 
2 10 7 13 32 16 
2 10 7 18 26 11 
2 10 7 18 26 12 
2 10 7 18 26 13 
2 10 7 18 26 14 
2 10 7 18 26 15 
2 10 7 18 26 16 
2 10 7 18 27 11 
2 10 7 18 27 12 
2 10 7 18 27 13 
2 10 7 18 27 14 
2 10 7 18 27 15 
2 10 7 18 27 16 
2 10 7 18 29 11 
2 10 7 18 29 12 
2 10 7 18 29 13 
2 10 7 18 29 14 
2 10 7 18 29 15 
2 10 7 18 29 16 
2 10 7 18 32 11 
2 10 7 18 32 12 
2 10 7 18 32 13 
2 10 7 18 32 14 
2 10 7 18 32 15 
2 10 7 18 32 16 
2 10 8 7 24 11 
2 10 8 7 24 12 
2 10 8 7 24 13 
2 10 8 7 24 14 
2 10 8 7 24 15 
2 10 8 7 24 16 
2 10 8 7 35 11 
2 10 8 7 35 12 
2 10 8 7 35 13 
2 10 8 7 35 14 
2 10 8 7 35 15 
2 10 8 7 35 16 
2 10 8 12 24 11 
2 10 8 12 24 13 
2 10 8 12 24 14 
2 10 8 12 24 15 
2 10 8 12 24 16 
2 10 8 12 35 11 
2 10 8 12 35 13 
2 10 8 12 35 14 
2 10 8 12 35 15 
2 10 8 12 35 16 
2 10 8 13 24 11 
2 10 8 13 24 12 
2 10 8 13 24 14 
2 10 8 13 24 15 
2 10 8 13 24 16 
2 10 8 13 35 11 
2 10 8 13 35 12 
2 10 8 13 35 14 
2 10 8 13 35 15 
2 10 8 13 35 16 
2 10 8 18 24 11 
2 10 8 18 24 12 
2 10 8 18 24 13 
2 10 8 18 24 14 
2 10 8 18 24 15 
2 10 8 18 24 16 
2 10 8 18 35 11 
2 10 8 18 35 12 
2 10 8 18 35 13 
2 10 8 18 35 14 
2 10 8 18 35 15 
2 10 8 18 35 16 
2 10 9 7 24 17 
2 10 9 7 24 18 
2 10 9 7 24 19 
2 10 9 7 24 20 
2 10 9 7 24 21 
2 10 9 7 24 22 
2 10 9 7 24 23 
2 10 9 7 35 17 
2 10 9 7 35 18 
2 10 9 7 35 19 
2 10 9 7 35 20 
2 10 9 7 35 21 
2 10 9 7 35 22 
2 10 9 7 35 23 
2 10 9 8 24 17 
2 10 9 8 24 18 
2 10 9 8 24 19 
2 10 9 8 24 20 
2 10 9 8 24 21 
2 10 9 8 24 22 
2 10 9 8 24 23 
2 10 9 8 35 17 
2 10 9 8 35 18 
2 10 9 8 35 19 
2 10 9 8 35 20 
2 10 9 8 35 21 
2 10 9 8 35 22 
2 10 9 8 35 23 
2 10 9 12 24 17 
2 10 9 12 24 18 
2 10 9 12 24 19 
2 10 9 12 24 20 
2 10 9 12 24 21 
2 10 9 12 24 22 
2 10 9 12 24 23 
2 10 9 12 35 17 
2 10 9 12 35 18 
2 10 9 12 35 19 
2 10 9 12 35 20 
2 10 9 12 35 21 
2 10 9 12 35 22 
2 10 9 12 35 23 
2 10 9 13 24 17 
2 10 9 13 24 18 
2 10 9 13 24 19 
2 10 9 13 24 20 
2 10 9 13 24 21 
2 10 9 13 24 22 
2 10 9 13 24 23 
2 10 9 13 35 17 
2 10 9 13 35 18 
2 10 9 13 35 19 
2 10 9 13 35 20 
2 10 9 13 35 21 
2 10 9 13 35 22 
2 10 9 13 35 23 
2 10 9 18 24 17 
2 10 9 18 24 19 
2 10 9 18 24 20 
2 10 9 18 24 21 
2 10 9 18 24 22 
2 10 9 18 24 23 
2 10 9 18 35 17 
2 10 9 18 35 19 
2 10 9 18 35 20 
2 10 9 18 35 21 
2 10 9 18 35 22 
2 10 9 18 35 23 
2 12 4 7 27 5 
2 12 4 7 27 6 
2 12 4 7 27 8 
2 12 4 7 27 9 
2 12 4 7 29 5 
2 12 4 7 29 6 
2 12 4 7 29 8 
2 12 4 7 29 9 
2 12 4 8 27 5 
2 12 4 8 27 6 
2 12 4 8 27 7 
2 12 4 8 27 9 
2 12 4 8 29 5 
2 12 4 8 29 6 
2 12 4 8 29 7 
2 12 4 8 29 9 
2 12 4 10 27 5 
2 12 4 10 27 6 
2 12 4 10 27 7 
2 12 4 10 27 8 
2 12 4 10 27 9 
2 12 4 10 29 5 
2 12 4 10 29 6 
2 12 4 10 29 7 
2 12 4 10 29 8 
2 12 4 10 29 9 
2 12 4 13 27 5 
2 12 4 13 27 6 
2 12 4 13 27 7 
2 12 4 13 27 8 
2 12 4 13 27 9 
2 12 4 13 29 5 
2 12 4 13 29 6 
2 12 4 13 29 7 
2 12 4 13 29 8 
2 12 4 13 29 9 
2 12 4 18 27 5 
2 12 4 18 27 6 
2 12 4 18 27 7 
2 12 4 18 27 8 
2 12 4 18 27 9 
2 12 4 18 29 5 
2 12 4 18 29 6 
2 12 4 18 29 7 
2 12 4 18 29 8 
2 12 4 18 29 9 
2 12 5 7 30 4 
2 12 5 7 30 6 
2 12 5 7 30 8 
2 12 5 7 30 9 
2 12 5 7 40 4 
2 12 5 7 40 6 
2 12 5 7 40 8 
2 12 5 7 40 9 
2 12 5 7 44 4 
2 12 5 7 44 6 
2 12 5 7 44 8 
2 12 5 7 44 9 
2 12 5 8 30 4 
2 12 5 8 30 6 
2 12 5 8 30 7 
2 12 5 8 30 9 
2 12 5 8 40 4 
2 12 5 8 40 6 
2 12 5 8 40 7 
2 12 5 8 40 9 
2 12 5 8 44 4 
2 12 5 8 44 6 
2 12 5 8 44 7 
2 12 5 8 44 9 
2 12 5 10 30 4 
2 12 5 10 30 6 
2 12 5 10 30 7 
2 12 5 10 30 8 
2 12 5 10 30 9 
2 12 5 10 40 4 
2 12 5 10 40 6 
2 12 5 10 40 7 
2 12 5 10 40 8 
2 12 5 10 40 9 
2 12 5 10 44 4 
2 12 5 10 44 6 
2 12 5 10 44 7 
2 12 5 10 44 8 
2 12 5 10 44 9 
2 12 5 13 30 4 
2 12 5 13 30 6 
2 12 5 13 30 7 
2 12 5 13 30 8 
2 12 5 13 30 9 
2 12 5 13 40 4 
2 12 5 13 40 6 
2 12 5 13 40 7 
2 12 5 13 40 8 
2 12 5 13 40 9 
2 12 5 13 44 4 
2 12 5 13 44 6 
2 12 5 13 44 7 
2 12 5 13 44 8 
2 12 5 13 44 9 
2 12 5 18 30 4 
2 12 5 18 30 6 
2 12 5 18 30 7 
2 12 5 18 30 8 
2 12 5 18 30 9 
2 12 5 18 40 4 
2 12 5 18 40 6 
2 12 5 18 40 7 
2 12 5 18 40 8 
2 12 5 18 40 9 
2 12 5 18 44 4 
2 12 5 18 44 6 
2 12 5 18 44 7 
2 12 5 18 44 8 
2 12 5 18 44 9 
2 12 6 7 30 17 
2 12 6 7 30 18 
2 12 6 7 30 19 
2 12 6 7 30 20 
2 12 6 7 30 21 
2 12 6 7 30 22 
2 12 6 7 30 23 
2 12 6 7 40 17 
2 12 6 7 40 18 
2 12 6 7 40 19 
2 12 6 7 40 20 
2 12 6 7 40 21 
2 12 6 7 40 22 
2 12 6 7 40 23 
2 12 6 7 44 17 
2 12 6 7 44 18 
2 12 6 7 44 19 
2 12 6 7 44 20 
2 12 6 7 44 21 
2 12 6 7 44 22 
2 12 6 7 44 23 
2 12 6 8 30 17 
2 12 6 8 30 18 
2 12 6 8 30 19 
2 12 6 8 30 20 
2 12 6 8 30 21 
2 12 6 8 30 22 
2 12 6 8 30 23 
2 12 6 8 40 17 
2 12 6 8 40 18 
2 12 6 8 40 19 
2 12 6 8 40 20 
2 12 6 8 40 21 
2 12 6 8 40 22 
2 12 6 8 40 23 
2 12 6 8 44 17 
2 12 6 8 44 18 
2 12 6 8 44 19 
2 12 6 8 44 20 
2 12 6 8 44 21 
2 12 6 8 44 22 
2 12 6 8 44 23 
2 12 6 10 30 17 
2 12 6 10 30 18 
2 12 6 10 30 19 
2 12 6 10 30 20 
2 12 6 10 30 21 
2 12 6 10 30 22 
2 12 6 10 30 23 
2 12 6 10 40 17 
2 12 6 10 40 18 
2 12 6 10 40 19 
2 12 6 10 40 20 
2 12 6 10 40 21 
2 12 6 10 40 22 
2 12 6 10 40 23 
2 12 6 10 44 17 
2 12 6 10 44 18 
2 12 6 10 44 19 
2 12 6 10 44 20 
2 12 6 10 44 21 
2 12 6 10 44 22 
2 12 6 10 44 23 
2 12 6 13 30 17 
2 12 6 13 30 18 
2 12 6 13 30 19 
2 12 6 13 30 20 
2 12 6 13 30 21 
2 12 6 13 30 22 
2 12 6 13 30 23 
2 12 6 13 40 17 
2 12 6 13 40 18 
2 12 6 13 40 19 
2 12 6 13 40 20 
2 12 6 13 40 21 
2 12 6 13 40 22 
2 12 6 13 40 23 
2 12 6 13 44 17 
2 12 6 13 44 18 
2 12 6 13 44 19 
2 12 6 13 44 20 
2 12 6 13 44 21 
2 12 6 13 44 22 
2 12 6 13 44 23 
2 12 6 18 30 17 
2 12 6 18 30 19 
2 12 6 18 30 20 
2 12 6 18 30 21 
2 12 6 18 30 22 
2 12 6 18 30 23 
2 12 6 18 40 17 
2 12 6 18 40 19 
2 12 6 18 40 20 
2 12 6 18 40 21 
2 12 6 18 40 22 
2 12 6 18 40 23 
2 12 6 18 44 17 
2 12 6 18 44 19 
2 12 6 18 44 20 
2 12 6 18 44 21 
2 12 6 18 44 22 
2 12 6 18 44 23 
2 12 7 8 26 10 
2 12 7 8 26 11 
2 12 7 8 26 13 
2 12 7 8 26 14 
2 12 7 8 26 15 
2 12 7 8 26 16 
2 12 7 8 32 10 
2 12 7 8 32 11 
2 12 7 8 32 13 
2 12 7 8 32 14 
2 12 7 8 32 15 
2 12 7 8 32 16 
2 12 7 8 40 10 
2 12 7 8 40 11 
2 12 7 8 40 13 
2 12 7 8 40 14 
2 12 7 8 40 15 
2 12 7 8 40 16 
2 12 7 8 45 10 
2 12 7 8 45 11 
2 12 7 8 45 13 
2 12 7 8 45 14 
2 12 7 8 45 15 
2 12 7 8 45 16 
2 12 7 10 26 11 
2 12 7 10 26 13 
2 12 7 10 26 14 
2 12 7 10 26 15 
2 12 7 10 26 16 
2 12 7 10 32 11 
2 12 7 10 32 13 
2 12 7 10 32 14 
2 12 7 10 32 15 
2 12 7 10 32 16 
2 12 7 10 40 11 
2 12 7 10 40 13 
2 12 7 10 40 14 
2 12 7 10 40 15 
2 12 7 10 40 16 
2 12 7 10 45 11 
2 12 7 10 45 13 
2 12 7 10 45 14 
2 12 7 10 45 15 
2 12 7 10 45 16 
2 12 7 13 26 10 
2 12 7 13 26 11 
2 12 7 13 26 14 
2 12 7 13 26 15 
2 12 7 13 26 16 
2 12 7 13 32 10 
2 12 7 13 32 11 
2 12 7 13 32 14 
2 12 7 13 32 15 
2 12 7 13 32 16 
2 12 7 13 40 10 
2 12 7 13 40 11 
2 12 7 13 40 14 
2 12 7 13 40 15 
2 12 7 13 40 16 
2 12 7 13 45 10 
2 12 7 13 45 11 
2 12 7 13 45 14 
2 12 7 13 45 15 
2 12 7 13 45 16 
2 12 7 18 26 10 
2 12 7 18 26 11 
2 12 7 18 26 13 
2 12 7 18 26 14 
2 12 7 18 26 15 
2 12 7 18 26 16 
2 12 7 18 32 10 
2 12 7 18 32 11 
2 12 7 18 32 13 
2 12 7 18 32 14 
2 12 7 18 32 15 
2 12 7 18 32 16 
2 12 7 18 40 10 
2 12 7 18 40 11 
2 12 7 18 40 13 
2 12 7 18 40 14 
2 12 7 18 40 15 
2 12 7 18 40 16 
2 12 7 18 45 10 
2 12 7 18 45 11 
2 12 7 18 45 13 
2 12 7 18 45 14 
2 12 7 18 45 15 
2 12 7 18 45 16 
2 12 8 7 32 10 
2 12 8 7 32 11 
2 12 8 7 32 13 
2 12 8 7 32 14 
2 12 8 7 32 15 
2 12 8 7 32 16 
2 12 8 7 38 10 
2 12 8 7 38 11 
2 12 8 7 38 13 
2 12 8 7 38 14 
2 12 8 7 38 15 
2 12 8 7 38 16 
2 12 8 7 45 10 
2 12 8 7 45 11 
2 12 8 7 45 13 
2 12 8 7 45 14 
2 12 8 7 45 15 
2 12 8 7 45 16 
2 12 8 7 46 10 
2 12 8 7 46 11 
2 12 8 7 46 13 
2 12 8 7 46 14 
2 12 8 7 46 15 
2 12 8 7 46 16 
2 12 8 10 32 11 
2 12 8 10 32 13 
2 12 8 10 32 14 
2 12 8 10 32 15 
2 12 8 10 32 16 
2 12 8 10 38 11 
2 12 8 10 38 13 
2 12 8 10 38 14 
2 12 8 10 38 15 
2 12 8 10 38 16 
2 12 8 10 45 11 
2 12 8 10 45 13 
2 12 8 10 45 14 
2 12 8 10 45 15 
2 12 8 10 45 16 
2 12 8 10 46 11 
2 12 8 10 46 13 
2 12 8 10 46 14 
2 12 8 10 46 15 
2 12 8 10 46 16 
2 12 8 13 32 10 
2 12 8 13 32 11 
2 12 8 13 32 14 
2 12 8 13 32 15 
2 12 8 13 32 16 
2 12 8 13 38 10 
2 12 8 13 38 11 
2 12 8 13 38 14 
2 12 8 13 38 15 
2 12 8 13 38 16 
2 12 8 13 45 10 
2 12 8 13 45 11 
2 12 8 13 45 14 
2 12 8 13 45 15 
2 12 8 13 45 16 
2 12 8 13 46 10 
2 12 8 13 46 11 
2 12 8 13 46 14 
2 12 8 13 46 15 
2 12 8 13 46 16 
2 12 8 18 32 10 
2 12 8 18 32 11 
2 12 8 18 32 13 
2 12 8 18 32 14 
2 12 8 18 32 15 
2 12 8 18 32 16 
2 12 8 18 38 10 
2 12 8 18 38 11 
2 12 8 18 38 13 
2 12 8 18 38 14 
2 12 8 18 38 15 
2 12 8 18 38 16 
2 12 8 18 45 10 
2 12 8 18 45 11 
2 12 8 18 45 13 
2 12 8 18 45 14 
2 12 8 18 45 15 
2 12 8 18 45 16 
2 12 8 18 46 10 
2 12 8 18 46 11 
2 12 8 18 46 13 
2 12 8 18 46 14 
2 12 8 18 46 15 
2 12 8 18 46 16 
2 12 9 7 32 17 
2 12 9 7 32 18 
2 12 9 7 32 19 
2 12 9 7 32 20 
2 12 9 7 32 21 
2 12 9 7 32 22 
2 12 9 7 32 23 
2 12 9 7 38 17 
2 12 9 7 38 18 
2 12 9 7 38 19 
2 12 9 7 38 20 
2 12 9 7 38 21 
2 12 9 7 38 22 
2 12 9 7 38 23 
2 12 9 7 45 17 
2 12 9 7 45 18 
2 12 9 7 45 19 
2 12 9 7 45 20 
2 12 9 7 45 21 
2 12 9 7 45 22 
2 12 9 7 45 23 
2 12 9 7 46 17 
2 12 9 7 46 18 
2 12 9 7 46 19 
2 12 9 7 46 20 
2 12 9 7 46 21 
2 12 9 7 46 22 
2 12 9 7 46 23 
2 12 9 8 32 17 
2 12 9 8 32 18 
2 12 9 8 32 19 
2 12 9 8 32 20 
2 12 9 8 32 21 
2 12 9 8 32 22 
2 12 9 8 32 23 
2 12 9 8 38 17 
2 12 9 8 38 18 
2 12 9 8 38 19 
2 12 9 8 38 20 
2 12 9 8 38 21 
2 12 9 8 38 22 
2 12 9 8 38 23 
2 12 9 8 45 17 
2 12 9 8 45 18 
2 12 9 8 45 19 
2 12 9 8 45 20 
2 12 9 8 45 21 
2 12 9 8 45 22 
2 12 9 8 45 23 
2 12 9 8 46 17 
2 12 9 8 46 18 
2 12 9 8 46 19 
2 12 9 8 46 20 
2 12 9 8 46 21 
2 12 9 8 46 22 
2 12 9 8 46 23 
2 12 9 10 32 17 
2 12 9 10 32 18 
2 12 9 10 32 19 
2 12 9 10 32 20 
2 12 9 10 32 21 
2 12 9 10 32 22 
2 12 9 10 32 23 
2 12 9 10 38 17 
2 12 9 10 38 18 
2 12 9 10 38 19 
2 12 9 10 38 20 
2 12 9 10 38 21 
2 12 9 10 38 22 
2 12 9 10 38 23 
2 12 9 10 45 17 
2 12 9 10 45 18 
2 12 9 10 45 19 
2 12 9 10 45 20 
2 12 9 10 45 21 
2 12 9 10 45 22 
2 12 9 10 45 23 
2 12 9 10 46 17 
2 12 9 10 46 18 
2 12 9 10 46 19 
2 12 9 10 46 20 
2 12 9 10 46 21 
2 12 9 10 46 22 
2 12 9 10 46 23 
2 12 9 13 32 17 
2 12 9 13 32 18 
2 12 9 13 32 19 
2 12 9 13 32 20 
2 12 9 13 32 21 
2 12 9 13 32 22 
2 12 9 13 32 23 
2 12 9 13 38 17 
2 12 9 13 38 18 
2 12 9 13 38 19 
2 12 9 13 38 20 
2 12 9 13 38 21 
2 12 9 13 38 22 
2 12 9 13 38 23 
2 12 9 13 45 17 
2 12 9 13 45 18 
2 12 9 13 45 19 
2 12 9 13 45 20 
2 12 9 13 45 21 
2 12 9 13 45 22 
2 12 9 13 45 23 
2 12 9 13 46 17 
2 12 9 13 46 18 
2 12 9 13 46 19 
2 12 9 13 46 20 
2 12 9 13 46 21 
2 12 9 13 46 22 
2 12 9 13 46 23 
2 12 9 18 32 17 
2 12 9 18 32 19 
2 12 9 18 32 20 
2 12 9 18 32 21 
2 12 9 18 32 22 
2 12 9 18 32 23 
2 12 9 18 38 17 
2 12 9 18 38 19 
2 12 9 18 38 20 
2 12 9 18 38 21 
2 12 9 18 38 22 
2 12 9 18 38 23 
2 12 9 18 45 17 
2 12 9 18 45 19 
2 12 9 18 45 20 
2 12 9 18 45 21 
2 12 9 18 45 22 
2 12 9 18 45 23 
2 12 9 18 46 17 
2 12 9 18 46 19 
2 12 9 18 46 20 
2 12 9 18 46 21 
2 12 9 18 46 22 
2 12 9 18 46 23 
2 13 4 7 24 5 
2 13 4 7 24 6 
2 13 4 7 24 8 
2 13 4 7 24 9 
2 13 4 7 28 5 
2 13 4 7 28 6 
2 13 4 7 28 8 
2 13 4 7 28 9 
2 13 4 7 38 5 
2 13 4 7 38 6 
2 13 4 7 38 8 
2 13 4 7 38 9 
2 13 4 8 24 5 
2 13 4 8 24 6 
2 13 4 8 24 7 
2 13 4 8 24 9 
2 13 4 8 28 5 
2 13 4 8 28 6 
2 13 4 8 28 7 
2 13 4 8 28 9 
2 13 4 8 38 5 
2 13 4 8 38 6 
2 13 4 8 38 7 
2 13 4 8 38 9 
2 13 4 10 24 5 
2 13 4 10 24 6 
2 13 4 10 24 7 
2 13 4 10 24 8 
2 13 4 10 24 9 
2 13 4 10 28 5 
2 13 4 10 28 6 
2 13 4 10 28 7 
2 13 4 10 28 8 
2 13 4 10 28 9 
2 13 4 10 38 5 
2 13 4 10 38 6 
2 13 4 10 38 7 
2 13 4 10 38 8 
2 13 4 10 38 9 
2 13 4 12 24 5 
2 13 4 12 24 6 
2 13 4 12 24 7 
2 13 4 12 24 8 
2 13 4 12 24 9 
2 13 4 12 28 5 
2 13 4 12 28 6 
2 13 4 12 28 7 
2 13 4 12 28 8 
2 13 4 12 28 9 
2 13 4 12 38 5 
2 13 4 12 38 6 
2 13 4 12 38 7 
2 13 4 12 38 8 
2 13 4 12 38 9 
2 13 4 18 24 5 
2 13 4 18 24 6 
2 13 4 18 24 7 
2 13 4 18 24 8 
2 13 4 18 24 9 
2 13 4 18 28 5 
2 13 4 18 28 6 
2 13 4 18 28 7 
2 13 4 18 28 8 
2 13 4 18 28 9 
2 13 4 18 38 5 
2 13 4 18 38 6 
2 13 4 18 38 7 
2 13 4 18 38 8 
2 13 4 18 38 9 
2 13 5 7 35 4 
2 13 5 7 35 6 
2 13 5 7 35 8 
2 13 5 7 35 9 
2 13 5 7 41 4 
2 13 5 7 41 6 
2 13 5 7 41 8 
2 13 5 7 41 9 
2 13 5 7 45 4 
2 13 5 7 45 6 
2 13 5 7 45 8 
2 13 5 7 45 9 
2 13 5 7 46 4 
2 13 5 7 46 6 
2 13 5 7 46 8 
2 13 5 7 46 9 
2 13 5 8 35 4 
2 13 5 8 35 6 
2 13 5 8 35 7 
2 13 5 8 35 9 
2 13 5 8 41 4 
2 13 5 8 41 6 
2 13 5 8 41 7 
2 13 5 8 41 9 
2 13 5 8 45 4 
2 13 5 8 45 6 
2 13 5 8 45 7 
2 13 5 8 45 9 
2 13 5 8 46 4 
2 13 5 8 46 6 
2 13 5 8 46 7 
2 13 5 8 46 9 
2 13 5 10 35 4 
2 13 5 10 35 6 
2 13 5 10 35 7 
2 13 5 10 35 8 
2 13 5 10 35 9 
2 13 5 10 41 4 
2 13 5 10 41 6 
2 13 5 10 41 7 
2 13 5 10 41 8 
2 13 5 10 41 9 
2 13 5 10 45 4 
2 13 5 10 45 6 
2 13 5 10 45 7 
2 13 5 10 45 8 
2 13 5 10 45 9 
2 13 5 10 46 4 
2 13 5 10 46 6 
2 13 5 10 46 7 
2 13 5 10 46 8 
2 13 5 10 46 9 
2 13 5 12 35 4 
2 13 5 12 35 6 
2 13 5 12 35 7 
2 13 5 12 35 8 
2 13 5 12 35 9 
2 13 5 12 41 4 
2 13 5 12 41 6 
2 13 5 12 41 7 
2 13 5 12 41 8 
2 13 5 12 41 9 
2 13 5 12 45 4 
2 13 5 12 45 6 
2 13 5 12 45 7 
2 13 5 12 45 8 
2 13 5 12 45 9 
2 13 5 12 46 4 
2 13 5 12 46 6 
2 13 5 12 46 7 
2 13 5 12 46 8 
2 13 5 12 46 9 
2 13 5 18 35 4 
2 13 5 18 35 6 
2 13 5 18 35 7 
2 13 5 18 35 8 
2 13 5 18 35 9 
2 13 5 18 41 4 
2 13 5 18 41 6 
2 13 5 18 41 7 
2 13 5 18 41 8 
2 13 5 18 41 9 
2 13 5 18 45 4 
2 13 5 18 45 6 
2 13 5 18 45 7 
2 13 5 18 45 8 
2 13 5 18 45 9 
2 13 5 18 46 4 
2 13 5 18 46 6 
2 13 5 18 46 7 
2 13 5 18 46 8 
2 13 5 18 46 9 
2 13 6 7 35 17 
2 13 6 7 35 18 
2 13 6 7 35 19 
2 13 6 7 35 20 
2 13 6 7 35 21 
2 13 6 7 35 22 
2 13 6 7 35 23 
2 13 6 7 41 17 
2 13 6 7 41 18 
2 13 6 7 41 19 
2 13 6 7 41 20 
2 13 6 7 41 21 
2 13 6 7 41 22 
2 13 6 7 41 23 
2 13 6 7 45 17 
2 13 6 7 45 18 
2 13 6 7 45 19 
2 13 6 7 45 20 
2 13 6 7 45 21 
2 13 6 7 45 22 
2 13 6 7 45 23 
2 13 6 7 46 17 
2 13 6 7 46 18 
2 13 6 7 46 19 
2 13 6 7 46 20 
2 13 6 7 46 21 
2 13 6 7 46 22 
2 13 6 7 46 23 
2 13 6 8 35 17 
2 13 6 8 35 18 
2 13 6 8 35 19 
2 13 6 8 35 20 
2 13 6 8 35 21 
2 13 6 8 35 22 
2 13 6 8 35 23 
2 13 6 8 41 17 
2 13 6 8 41 18 
2 13 6 8 41 19 
2 13 6 8 41 20 
2 13 6 8 41 21 
2 13 6 8 41 22 
2 13 6 8 41 23 
2 13 6 8 45 17 
2 13 6 8 45 18 
2 13 6 8 45 19 
2 13 6 8 45 20 
2 13 6 8 45 21 
2 13 6 8 45 22 
2 13 6 8 45 23 
2 13 6 8 46 17 
2 13 6 8 46 18 
2 13 6 8 46 19 
2 13 6 8 46 20 
2 13 6 8 46 21 
2 13 6 8 46 22 
2 13 6 8 46 23 
2 13 6 10 35 17 
2 13 6 10 35 18 
2 13 6 10 35 19 
2 13 6 10 35 20 
2 13 6 10 35 21 
2 13 6 10 35 22 
2 13 6 10 35 23 
2 13 6 10 41 17 
2 13 6 10 41 18 
2 13 6 10 41 19 
2 13 6 10 41 20 
2 13 6 10 41 21 
2 13 6 10 41 22 
2 13 6 10 41 23 
2 13 6 10 45 17 
2 13 6 10 45 18 
2 13 6 10 45 19 
2 13 6 10 45 20 
2 13 6 10 45 21 
2 13 6 10 45 22 
2 13 6 10 45 23 
2 13 6 10 46 17 
2 13 6 10 46 18 
2 13 6 10 46 19 
2 13 6 10 46 20 
2 13 6 10 46 21 
2 13 6 10 46 22 
2 13 6 10 46 23 
2 13 6 12 35 17 
2 13 6 12 35 18 
2 13 6 12 35 19 
2 13 6 12 35 20 
2 13 6 12 35 21 
2 13 6 12 35 22 
2 13 6 12 35 23 
2 13 6 12 41 17 
2 13 6 12 41 18 
2 13 6 12 41 19 
2 13 6 12 41 20 
2 13 6 12 41 21 
2 13 6 12 41 22 
2 13 6 12 41 23 
2 13 6 12 45 17 
2 13 6 12 45 18 
2 13 6 12 45 19 
2 13 6 12 45 20 
2 13 6 12 45 21 
2 13 6 12 45 22 
2 13 6 12 45 23 
2 13 6 12 46 17 
2 13 6 12 46 18 
2 13 6 12 46 19 
2 13 6 12 46 20 
2 13 6 12 46 21 
2 13 6 12 46 22 
2 13 6 12 46 23 
2 13 6 18 35 17 
2 13 6 18 35 19 
2 13 6 18 35 20 
2 13 6 18 35 21 
2 13 6 18 35 22 
2 13 6 18 35 23 
2 13 6 18 41 17 
2 13 6 18 41 19 
2 13 6 18 41 20 
2 13 6 18 41 21 
2 13 6 18 41 22 
2 13 6 18 41 23 
2 13 6 18 45 17 
2 13 6 18 45 19 
2 13 6 18 45 20 
2 13 6 18 45 21 
2 13 6 18 45 22 
2 13 6 18 45 23 
2 13 6 18 46 17 
2 13 6 18 46 19 
2 13 6 18 46 20 
2 13 6 18 46 21 
2 13 6 18 46 22 
2 13 6 18 46 23 
2 13 8 7 46 10 
2 13 8 7 46 11 
2 13 8 7 46 12 
2 13 8 7 46 14 
2 13 8 7 46 15 
2 13 8 7 46 16 
2 13 8 10 46 11 
2 13 8 10 46 12 
2 13 8 10 46 14 
2 13 8 10 46 15 
2 13 8 10 46 16 
2 13 8 12 46 10 
2 13 8 12 46 11 
2 13 8 12 46 14 
2 13 8 12 46 15 
2 13 8 12 46 16 
2 13 8 18 46 10 
2 13 8 18 46 11 
2 13 8 18 46 12 
2 13 8 18 46 14 
2 13 8 18 46 15 
2 13 8 18 46 16 
2 13 9 7 46 17 
2 13 9 7 46 18 
2 13 9 7 46 19 
2 13 9 7 46 20 
2 13 9 7 46 21 
2 13 9 7 46 22 
2 13 9 7 46 23 
2 13 9 8 46 17 
2 13 9 8 46 18 
2 13 9 8 46 19 
2 13 9 8 46 20 
2 13 9 8 46 21 
2 13 9 8 46 22 
2 13 9 8 46 23 
2 13 9 10 46 17 
2 13 9 10 46 18 
2 13 9 10 46 19 
2 13 9 10 46 20 
2 13 9 10 46 21 
2 13 9 10 46 22 
2 13 9 10 46 23 
2 13 9 12 46 17 
2 13 9 12 46 18 
2 13 9 12 46 19 
2 13 9 12 46 20 
2 13 9 12 46 21 
2 13 9 12 46 22 
2 13 9 12 46 23 
2 13 9 18 46 17 
2 13 9 18 46 19 
2 13 9 18 46 20 
2 13 9 18 46 21 
2 13 9 18 46 22 
2 13 9 18 46 23 
2 18 4 6 25 5 
2 18 4 6 25 7 
2 18 4 6 25 8 
2 18 4 6 25 9 
2 18 4 6 28 5 
2 18 4 6 28 7 
2 18 4 6 28 8 
2 18 4 6 28 9 
2 18 4 6 33 5 
2 18 4 6 33 7 
2 18 4 6 33 8 
2 18 4 6 33 9 
2 18 4 6 36 5 
2 18 4 6 36 7 
2 18 4 6 36 8 
2 18 4 6 36 9 
2 18 4 9 25 5 
2 18 4 9 25 6 
2 18 4 9 25 7 
2 18 4 9 25 8 
2 18 4 9 28 5 
2 18 4 9 28 6 
2 18 4 9 28 7 
2 18 4 9 28 8 
2 18 4 9 33 5 
2 18 4 9 33 6 
2 18 4 9 33 7 
2 18 4 9 33 8 
2 18 4 9 36 5 
2 18 4 9 36 6 
2 18 4 9 36 7 
2 18 4 9 36 8 
2 18 4 11 25 5 
2 18 4 11 25 6 
2 18 4 11 25 7 
2 18 4 11 25 8 
2 18 4 11 25 9 
2 18 4 11 28 5 
2 18 4 11 28 6 
2 18 4 11 28 7 
2 18 4 11 28 8 
2 18 4 11 28 9 
2 18 4 11 33 5 
2 18 4 11 33 6 
2 18 4 11 33 7 
2 18 4 11 33 8 
2 18 4 11 33 9 
2 18 4 11 36 5 
2 18 4 11 36 6 
2 18 4 11 36 7 
2 18 4 11 36 8 
2 18 4 11 36 9 
2 18 4 14 25 5 
2 18 4 14 25 6 
2 18 4 14 25 7 
2 18 4 14 25 8 
2 18 4 14 25 9 
2 18 4 14 28 5 
2 18 4 14 28 6 
2 18 4 14 28 7 
2 18 4 14 28 8 
2 18 4 14 28 9 
2 18 4 14 33 5 
2 18 4 14 33 6 
2 18 4 14 33 7 
2 18 4 14 33 8 
2 18 4 14 33 9 
2 18 4 14 36 5 
2 18 4 14 36 6 
2 18 4 14 36 7 
2 18 4 14 36 8 
2 18 4 14 36 9 
2 18 4 16 25 5 
2 18 4 16 25 6 
2 18 4 16 25 7 
2 18 4 16 25 8 
2 18 4 16 25 9 
2 18 4 16 28 5 
2 18 4 16 28 6 
2 18 4 16 28 7 
2 18 4 16 28 8 
2 18 4 16 28 9 
2 18 4 16 33 5 
2 18 4 16 33 6 
2 18 4 16 33 7 
2 18 4 16 33 8 
2 18 4 16 33 9 
2 18 4 16 36 5 
2 18 4 16 36 6 
2 18 4 16 36 7 
2 18 4 16 36 8 
2 18 4 16 36 9 
2 18 4 21 25 5 
2 18 4 21 25 6 
2 18 4 21 25 7 
2 18 4 21 25 8 
2 18 4 21 25 9 
2 18 4 21 28 5 
2 18 4 21 28 6 
2 18 4 21 28 7 
2 18 4 21 28 8 
2 18 4 21 28 9 
2 18 4 21 33 5 
2 18 4 21 33 6 
2 18 4 21 33 7 
2 18 4 21 33 8 
2 18 4 21 33 9 
2 18 4 21 36 5 
2 18 4 21 36 6 
2 18 4 21 36 7 
2 18 4 21 36 8 
2 18 4 21 36 9 
2 18 4 22 25 5 
2 18 4 22 25 6 
2 18 4 22 25 7 
2 18 4 22 25 8 
2 18 4 22 25 9 
2 18 4 22 28 5 
2 18 4 22 28 6 
2 18 4 22 28 7 
2 18 4 22 28 8 
2 18 4 22 28 9 
2 18 4 22 33 5 
2 18 4 22 33 6 
2 18 4 22 33 7 
2 18 4 22 33 8 
2 18 4 22 33 9 
2 18 4 22 36 5 
2 18 4 22 36 6 
2 18 4 22 36 7 
2 18 4 22 36 8 
2 18 4 22 36 9 
2 18 5 6 30 4 
2 18 5 6 30 7 
2 18 5 6 30 8 
2 18 5 6 30 9 
2 18 5 6 34 4 
2 18 5 6 34 7 
2 18 5 6 34 8 
2 18 5 6 34 9 
2 18 5 6 37 4 
2 18 5 6 37 7 
2 18 5 6 37 8 
2 18 5 6 37 9 
2 18 5 9 30 4 
2 18 5 9 30 6 
2 18 5 9 30 7 
2 18 5 9 30 8 
2 18 5 9 34 4 
2 18 5 9 34 6 
2 18 5 9 34 7 
2 18 5 9 34 8 
2 18 5 9 37 4 
2 18 5 9 37 6 
2 18 5 9 37 7 
2 18 5 9 37 8 
2 18 5 11 30 4 
2 18 5 11 30 6 
2 18 5 11 30 7 
2 18 5 11 30 8 
2 18 5 11 30 9 
2 18 5 11 34 4 
2 18 5 11 34 6 
2 18 5 11 34 7 
2 18 5 11 34 8 
2 18 5 11 34 9 
2 18 5 11 37 4 
2 18 5 11 37 6 
2 18 5 11 37 7 
2 18 5 11 37 8 
2 18 5 11 37 9 
2 18 5 14 30 4 
2 18 5 14 30 6 
2 18 5 14 30 7 
2 18 5 14 30 8 
2 18 5 14 30 9 
2 18 5 14 34 4 
2 18 5 14 34 6 
2 18 5 14 34 7 
2 18 5 14 34 8 
2 18 5 14 34 9 
2 18 5 14 37 4 
2 18 5 14 37 6 
2 18 5 14 37 7 
2 18 5 14 37 8 
2 18 5 14 37 9 
2 18 5 16 30 4 
2 18 5 16 30 6 
2 18 5 16 30 7 
2 18 5 16 30 8 
2 18 5 16 30 9 
2 18 5 16 34 4 
2 18 5 16 34 6 
2 18 5 16 34 7 
2 18 5 16 34 8 
2 18 5 16 34 9 
2 18 5 16 37 4 
2 18 5 16 37 6 
2 18 5 16 37 7 
2 18 5 16 37 8 
2 18 5 16 37 9 
2 18 5 21 30 4 
2 18 5 21 30 6 
2 18 5 21 30 7 
2 18 5 21 30 8 
2 18 5 21 30 9 
2 18 5 21 34 4 
2 18 5 21 34 6 
2 18 5 21 34 7 
2 18 5 21 34 8 
2 18 5 21 34 9 
2 18 5 21 37 4 
2 18 5 21 37 6 
2 18 5 21 37 7 
2 18 5 21 37 8 
2 18 5 21 37 9 
2 18 5 22 30 4 
2 18 5 22 30 6 
2 18 5 22 30 7 
2 18 5 22 30 8 
2 18 5 22 30 9 
2 18 5 22 34 4 
2 18 5 22 34 6 
2 18 5 22 34 7 
2 18 5 22 34 8 
2 18 5 22 34 9 
2 18 5 22 37 4 
2 18 5 22 37 6 
2 18 5 22 37 7 
2 18 5 22 37 8 
2 18 5 22 37 9 
2 18 6 9 30 17 
2 18 6 9 30 19 
2 18 6 9 30 20 
2 18 6 9 30 21 
2 18 6 9 30 22 
2 18 6 9 30 23 
2 18 6 9 34 17 
2 18 6 9 34 19 
2 18 6 9 34 20 
2 18 6 9 34 21 
2 18 6 9 34 22 
2 18 6 9 34 23 
2 18 6 9 37 17 
2 18 6 9 37 19 
2 18 6 9 37 20 
2 18 6 9 37 21 
2 18 6 9 37 22 
2 18 6 9 37 23 
2 18 6 11 30 17 
2 18 6 11 30 19 
2 18 6 11 30 20 
2 18 6 11 30 21 
2 18 6 11 30 22 
2 18 6 11 30 23 
2 18 6 11 34 17 
2 18 6 11 34 19 
2 18 6 11 34 20 
2 18 6 11 34 21 
2 18 6 11 34 22 
2 18 6 11 34 23 
2 18 6 11 37 17 
2 18 6 11 37 19 
2 18 6 11 37 20 
2 18 6 11 37 21 
2 18 6 11 37 22 
2 18 6 11 37 23 
2 18 6 14 30 17 
2 18 6 14 30 19 
2 18 6 14 30 20 
2 18 6 14 30 21 
2 18 6 14 30 22 
2 18 6 14 30 23 
2 18 6 14 34 17 
2 18 6 14 34 19 
2 18 6 14 34 20 
2 18 6 14 34 21 
2 18 6 14 34 22 
2 18 6 14 34 23 
2 18 6 14 37 17 
2 18 6 14 37 19 
2 18 6 14 37 20 
2 18 6 14 37 21 
2 18 6 14 37 22 
2 18 6 14 37 23 
2 18 6 16 30 17 
2 18 6 16 30 19 
2 18 6 16 30 20 
2 18 6 16 30 21 
2 18 6 16 30 22 
2 18 6 16 30 23 
2 18 6 16 34 17 
2 18 6 16 34 19 
2 18 6 16 34 20 
2 18 6 16 34 21 
2 18 6 16 34 22 
2 18 6 16 34 23 
2 18 6 16 37 17 
2 18 6 16 37 19 
2 18 6 16 37 20 
2 18 6 16 37 21 
2 18 6 16 37 22 
2 18 6 16 37 23 
2 18 6 21 30 17 
2 18 6 21 30 19 
2 18 6 21 30 20 
2 18 6 21 30 22 
2 18 6 21 30 23 
2 18 6 21 34 17 
2 18 6 21 34 19 
2 18 6 21 34 20 
2 18 6 21 34 22 
2 18 6 21 34 23 
2 18 6 21 37 17 
2 18 6 21 37 19 
2 18 6 21 37 20 
2 18 6 21 37 22 
2 18 6 21 37 23 
2 18 6 22 30 17 
2 18 6 22 30 19 
2 18 6 22 30 20 
2 18 6 22 30 21 
2 18 6 22 30 23 
2 18 6 22 34 17 
2 18 6 22 34 19 
2 18 6 22 34 20 
2 18 6 22 34 21 
2 18 6 22 34 23 
2 18 6 22 37 17 
2 18 6 22 37 19 
2 18 6 22 37 20 
2 18 6 22 37 21 
2 18 6 22 37 23 
2 18 7 6 26 10 
2 18 7 6 26 11 
2 18 7 6 26 12 
2 18 7 6 26 13 
2 18 7 6 26 14 
2 18 7 6 26 15 
2 18 7 6 26 16 
2 18 7 6 27 10 
2 18 7 6 27 11 
2 18 7 6 27 12 
2 18 7 6 27 13 
2 18 7 6 27 14 
2 18 7 6 27 15 
2 18 7 6 27 16 
2 18 7 6 29 10 
2 18 7 6 29 11 
2 18 7 6 29 12 
2 18 7 6 29 13 
2 18 7 6 29 14 
2 18 7 6 29 15 
2 18 7 6 29 16 
2 18 7 6 32 10 
2 18 7 6 32 11 
2 18 7 6 32 12 
2 18 7 6 32 13 
2 18 7 6 32 14 
2 18 7 6 32 15 
2 18 7 6 32 16 
2 18 7 9 26 10 
2 18 7 9 26 11 
2 18 7 9 26 12 
2 18 7 9 26 13 
2 18 7 9 26 14 
2 18 7 9 26 15 
2 18 7 9 26 16 
2 18 7 9 27 10 
2 18 7 9 27 11 
2 18 7 9 27 12 
2 18 7 9 27 13 
2 18 7 9 27 14 
2 18 7 9 27 15 
2 18 7 9 27 16 
2 18 7 9 29 10 
2 18 7 9 29 11 
2 18 7 9 29 12 
2 18 7 9 29 13 
2 18 7 9 29 14 
2 18 7 9 29 15 
2 18 7 9 29 16 
2 18 7 9 32 10 
2 18 7 9 32 11 
2 18 7 9 32 12 
2 18 7 9 32 13 
2 18 7 9 32 14 
2 18 7 9 32 15 
2 18 7 9 32 16 
2 18 7 11 26 10 
2 18 7 11 26 12 
2 18 7 11 26 13 
2 18 7 11 26 14 
2 18 7 11 26 15 
2 18 7 11 26 16 
2 18 7 11 27 10 
2 18 7 11 27 12 
2 18 7 11 27 13 
2 18 7 11 27 14 
2 18 7 11 27 15 
2 18 7 11 27 16 
2 18 7 11 29 10 
2 18 7 11 29 12 
2 18 7 11 29 13 
2 18 7 11 29 14 
2 18 7 11 29 15 
2 18 7 11 29 16 
2 18 7 11 32 10 
2 18 7 11 32 12 
2 18 7 11 32 13 
2 18 7 11 32 14 
2 18 7 11 32 15 
2 18 7 11 32 16 
2 18 7 14 26 10 
2 18 7 14 26 11 
2 18 7 14 26 12 
2 18 7 14 26 13 
2 18 7 14 26 15 
2 18 7 14 26 16 
2 18 7 14 27 10 
2 18 7 14 27 11 
2 18 7 14 27 12 
2 18 7 14 27 13 
2 18 7 14 27 15 
2 18 7 14 27 16 
2 18 7 14 29 10 
2 18 7 14 29 11 
2 18 7 14 29 12 
2 18 7 14 29 13 
2 18 7 14 29 15 
2 18 7 14 29 16 
2 18 7 14 32 10 
2 18 7 14 32 11 
2 18 7 14 32 12 
2 18 7 14 32 13 
2 18 7 14 32 15 
2 18 7 14 32 16 
2 18 7 16 26 10 
2 18 7 16 26 11 
2 18 7 16 26 12 
2 18 7 16 26 13 
2 18 7 16 26 14 
2 18 7 16 26 15 
2 18 7 16 27 10 
2 18 7 16 27 11 
2 18 7 16 27 12 
2 18 7 16 27 13 
2 18 7 16 27 14 
2 18 7 16 27 15 
2 18 7 16 29 10 
2 18 7 16 29 11 
2 18 7 16 29 12 
2 18 7 16 29 13 
2 18 7 16 29 14 
2 18 7 16 29 15 
2 18 7 16 32 10 
2 18 7 16 32 11 
2 18 7 16 32 12 
2 18 7 16 32 13 
2 18 7 16 32 14 
2 18 7 16 32 15 
2 18 7 21 26 10 
2 18 7 21 26 11 
2 18 7 21 26 12 
2 18 7 21 26 13 
2 18 7 21 26 14 
2 18 7 21 26 15 
2 18 7 21 26 16 
2 18 7 21 27 10 
2 18 7 21 27 11 
2 18 7 21 27 12 
2 18 7 21 27 13 
2 18 7 21 27 14 
2 18 7 21 27 15 
2 18 7 21 27 16 
2 18 7 21 29 10 
2 18 7 21 29 11 
2 18 7 21 29 12 
2 18 7 21 29 13 
2 18 7 21 29 14 
2 18 7 21 29 15 
2 18 7 21 29 16 
2 18 7 21 32 10 
2 18 7 21 32 11 
2 18 7 21 32 12 
2 18 7 21 32 13 
2 18 7 21 32 14 
2 18 7 21 32 15 
2 18 7 21 32 16 
2 18 7 22 26 10 
2 18 7 22 26 11 
2 18 7 22 26 12 
2 18 7 22 26 13 
2 18 7 22 26 14 
2 18 7 22 26 15 
2 18 7 22 26 16 
2 18 7 22 27 10 
2 18 7 22 27 11 
2 18 7 22 27 12 
2 18 7 22 27 13 
2 18 7 22 27 14 
2 18 7 22 27 15 
2 18 7 22 27 16 
2 18 7 22 29 10 
2 18 7 22 29 11 
2 18 7 22 29 12 
2 18 7 22 29 13 
2 18 7 22 29 14 
2 18 7 22 29 15 
2 18 7 22 29 16 
2 18 7 22 32 10 
2 18 7 22 32 11 
2 18 7 22 32 12 
2 18 7 22 32 13 
2 18 7 22 32 14 
2 18 7 22 32 15 
2 18 7 22 32 16 
2 18 8 6 24 10 
2 18 8 6 24 11 
2 18 8 6 24 12 
2 18 8 6 24 13 
2 18 8 6 24 14 
2 18 8 6 24 15 
2 18 8 6 24 16 
2 18 8 6 35 10 
2 18 8 6 35 11 
2 18 8 6 35 12 
2 18 8 6 35 13 
2 18 8 6 35 14 
2 18 8 6 35 15 
2 18 8 6 35 16 
2 18 8 9 24 10 
2 18 8 9 24 11 
2 18 8 9 24 12 
2 18 8 9 24 13 
2 18 8 9 24 14 
2 18 8 9 24 15 
2 18 8 9 24 16 
2 18 8 9 35 10 
2 18 8 9 35 11 
2 18 8 9 35 12 
2 18 8 9 35 13 
2 18 8 9 35 14 
2 18 8 9 35 15 
2 18 8 9 35 16 
2 18 8 11 24 10 
2 18 8 11 24 12 
2 18 8 11 24 13 
2 18 8 11 24 14 
2 18 8 11 24 15 
2 18 8 11 24 16 
2 18 8 11 35 10 
2 18 8 11 35 12 
2 18 8 11 35 13 
2 18 8 11 35 14 
2 18 8 11 35 15 
2 18 8 11 35 16 
2 18 8 14 24 10 
2 18 8 14 24 11 
2 18 8 14 24 12 
2 18 8 14 24 13 
2 18 8 14 24 15 
2 18 8 14 24 16 
2 18 8 14 35 10 
2 18 8 14 35 11 
2 18 8 14 35 12 
2 18 8 14 35 13 
2 18 8 14 35 15 
2 18 8 14 35 16 
2 18 8 16 24 10 
2 18 8 16 24 11 
2 18 8 16 24 12 
2 18 8 16 24 13 
2 18 8 16 24 14 
2 18 8 16 24 15 
2 18 8 16 35 10 
2 18 8 16 35 11 
2 18 8 16 35 12 
2 18 8 16 35 13 
2 18 8 16 35 14 
2 18 8 16 35 15 
2 18 8 21 24 10 
2 18 8 21 24 11 
2 18 8 21 24 12 
2 18 8 21 24 13 
2 18 8 21 24 14 
2 18 8 21 24 15 
2 18 8 21 24 16 
2 18 8 21 35 10 
2 18 8 21 35 11 
2 18 8 21 35 12 
2 18 8 21 35 13 
2 18 8 21 35 14 
2 18 8 21 35 15 
2 18 8 21 35 16 
2 18 8 22 24 10 
2 18 8 22 24 11 
2 18 8 22 24 12 
2 18 8 22 24 13 
2 18 8 22 24 14 
2 18 8 22 24 15 
2 18 8 22 24 16 
2 18 8 22 35 10 
2 18 8 22 35 11 
2 18 8 22 35 12 
2 18 8 22 35 13 
2 18 8 22 35 14 
2 18 8 22 35 15 
2 18 8 22 35 16 
2 18 9 6 24 17 
2 18 9 6 24 19 
2 18 9 6 24 20 
2 18 9 6 24 21 
2 18 9 6 24 22 
2 18 9 6 24 23 
2 18 9 6 35 17 
2 18 9 6 35 19 
2 18 9 6 35 20 
2 18 9 6 35 21 
2 18 9 6 35 22 
2 18 9 6 35 23 
2 18 9 11 24 17 
2 18 9 11 24 19 
2 18 9 11 24 20 
2 18 9 11 24 21 
2 18 9 11 24 22 
2 18 9 11 24 23 
2 18 9 11 35 17 
2 18 9 11 35 19 
2 18 9 11 35 20 
2 18 9 11 35 21 
2 18 9 11 35 22 
2 18 9 11 35 23 
2 18 9 14 24 17 
2 18 9 14 24 19 
2 18 9 14 24 20 
2 18 9 14 24 21 
2 18 9 14 24 22 
2 18 9 14 24 23 
2 18 9 14 35 17 
2 18 9 14 35 19 
2 18 9 14 35 20 
2 18 9 14 35 21 
2 18 9 14 35 22 
2 18 9 14 35 23 
2 18 9 16 24 17 
2 18 9 16 24 19 
2 18 9 16 24 20 
2 18 9 16 24 21 
2 18 9 16 24 22 
2 18 9 16 24 23 
2 18 9 16 35 17 
2 18 9 16 35 19 
2 18 9 16 35 20 
2 18 9 16 35 21 
2 18 9 16 35 22 
2 18 9 16 35 23 
2 18 9 21 24 17 
2 18 9 21 24 19 
2 18 9 21 24 20 
2 18 9 21 24 22 
2 18 9 21 24 23 
2 18 9 21 35 17 
2 18 9 21 35 19 
2 18 9 21 35 20 
2 18 9 21 35 22 
2 18 9 21 35 23 
2 18 9 22 24 17 
2 18 9 22 24 19 
2 18 9 22 24 20 
2 18 9 22 24 21 
2 18 9 22 24 23 
2 18 9 22 35 17 
2 18 9 22 35 19 
2 18 9 22 35 20 
2 18 9 22 35 21 
2 18 9 22 35 23 
